[2018-04-08 00:21:06.853571]: "Play sequence is running."
[2018-04-08 00:21:06.856572]: "Scale: Lydian"
[2018-04-08 00:21:06.856572]: ""p0321645798+;L5l100rp""
[2018-04-08 00:21:08.560781]: "Sequence started."
[2018-04-08 00:21:14.444964]: "Sequence stopped."
[2018-04-08 00:21:17.972489]: ""p0321,.645798+;L5l100rp""
[2018-04-08 00:21:21.677113]: ""p0321,.=645798+;L5l100rp""
[2018-04-08 00:21:22.961026]: "Sequence started."
[2018-04-08 00:21:25.781030]: ""p0321,.=645798+;L5l100rp""
[2018-04-08 00:21:44.700485]: ""p0321,.=645798+;L5l10rp""
[2018-04-08 00:21:49.036569]: ""p0321,.=645798+;L5l10rp""
[2018-04-08 00:21:55.868415]: ""p0321,.=645798+;L5l10rp""
[2018-04-08 00:22:00.492705]: ""p0321,.=645798+;L5l10rp""
[2018-04-08 00:22:07.989029]: ""p0321,.=645798+;L5l10rp""
[2018-04-08 00:22:10.172590]: ""p0321,.=645+;L5l10rp""
[2018-04-08 00:22:12.068918]: ""p0321,.=645+;L5l10rp""
[2018-04-08 00:22:19.108922]: ""p0321,.=645+;L3l10rp""
[2018-04-08 00:22:26.397112]: ""p0321,.=645+;L3l10rp""
[2018-04-08 00:22:27.685028]: ""p0321,.=645+;L3l10rp""
[2018-04-08 00:22:41.741014]: ""p0321,.=645+;L3l10rp""
[2018-04-08 00:22:49.164298]: ""p0321,.=645+;L3l10rp""
[2018-04-08 00:22:54.446038]: "Sequence set to: [[144, 64, 100], [144, 63, 100], [144, 9999, 0], [144, 9999, 0], [144, 9999, 0], [144, 59, 100], [144, 68, 100], [144, 63, 100], [144, 56, 100], [144, 61, 100], [144, 59, 100], [144, 66, 100], [144, 9999, 0], [144, 9999, 0], [144, 9999, 0], [144, 63, 100], [144, 9999, 0], [144, 58, 100], [144, 52, 100], [144, 56, 100], [144, 9999, 0], [144, 64, 100], [144, 9999, 0], [144, 68, 100], [144, 9999, 0], [144, 56, 100], [144, 9999, 0], [144, 9999, 0], [144, 9999, 0], [144, 59, 100], [144, 9999, 0], [144, 9999, 0], [144, 76, 100], [144, 54, 100], [144, 66, 100], [144, 9999, 0], [144, 59, 100], [144, 61, 100], [144, 64, 100], [144, 9999, 0], [144, 66, 100], [144, 54, 100], [144, 61, 100], [144, 63, 100], [144, 52, 100], [144, 76, 100], [144, 9999, 0], [144, 58, 100], [144, 54, 100], [144, 52, 100], [144, 9999, 0], [144, 64, 100], [144, 59, 100], [144, 56, 100], [144, 58, 100], [144, 9999, 0], [144, 59, 100], [144, 9999, 0], [144, 64, 100], [144, 54, 100], [144, 78, 100], [144, 61, 100], [144, 9999, 0], [144, 9999, 0], [144, 64, 100], [144, 61, 100], [144, 9999, 0], [144, 9999, 0], [144, 68, 100], [144, 9999, 0], [144, 9999, 0], [144, 9999, 0], [144, 9999, 0], [144, 9999, 0], [144, 66, 100], [144, 9999, 0], [144, 56, 100], [144, 9999, 0], [144, 68, 100], [144, 58, 100], [144, 63, 100], [144, 9999, 0], [144, 64, 100], [144, 54, 100], [144, 9999, 0], [144, 61, 100], [144, 9999, 0], [144, 56, 100], [144, 54, 100], [144, 9999, 0], [144, 66, 100], [144, 9999, 0], [144, 64, 100], [144, 56, 100], [144, 9999, 0], [144, 9999, 0], [144, 61, 100], [144, 9999, 0], [144, 9999, 0], [144, 61, 100], [144, 9999, 0], [144, 9999, 0], [144, 9999, 0], [144, 61, 100], [144, 9999, 0], [144, 9999, 0], [144, 54, 100], [144, 9999, 0], [144, 9999, 0], [144, 54, 100], [144, 9999, 0], [144, 59, 100], [144, 9999, 0], [144, 9999, 0], [144, 58, 100], [144, 9999, 0], [144, 9999, 0], [144, 61, 100], [144, 9999, 0], [144, 56, 100], [144, 9999, 0], [144, 58, 100]]"
[2018-04-08 00:23:08.373946]: "Sequence set to: [[144, 58, 100], [144, 73, 100], [144, 63, 100], [144, 9999, 0], [144, 66, 100], [144, 9999, 0], [144, 9999, 0], [144, 64, 100], [144, 59, 100], [144, 9999, 0], [144, 58, 100], [144, 68, 100], [144, 9999, 0], [144, 54, 100], [144, 59, 100], [144, 63, 100], [144, 52, 100], [144, 56, 100], [144, 9999, 0], [144, 9999, 0], [144, 9999, 0], [144, 64, 100], [144, 9999, 0], [144, 56, 100], [144, 9999, 0], [144, 9999, 0], [144, 9999, 0], [144, 54, 100], [144, 9999, 0], [144, 9999, 0], [144, 9999, 0], [144, 58, 100], [144, 64, 100], [144, 59, 100], [144, 9999, 0], [144, 63, 100], [144, 66, 100], [144, 58, 100], [144, 56, 100], [144, 58, 100], [144, 52, 100], [144, 64, 100], [144, 9999, 0], [144, 56, 100], [144, 9999, 0], [144, 9999, 0], [144, 9999, 0], [144, 9999, 0], [144, 64, 100], [144, 9999, 0], [144, 66, 100], [144, 9999, 0], [144, 54, 100], [144, 52, 100], [144, 9999, 0], [144, 9999, 0], [144, 9999, 0], [144, 9999, 0], [144, 9999, 0], [144, 68, 100], [144, 61, 100], [144, 54, 100], [144, 63, 100], [144, 61, 100], [144, 66, 100], [144, 58, 100], [144, 9999, 0], [144, 9999, 0], [144, 66, 100], [144, 64, 100], [144, 9999, 0], [144, 54, 100], [144, 61, 100], [144, 9999, 0], [144, 9999, 0], [144, 9999, 0], [144, 9999, 0], [144, 52, 100], [144, 66, 100], [144, 61, 100], [144, 63, 100], [144, 9999, 0], [144, 59, 100], [144, 68, 100], [144, 61, 100], [144, 63, 100], [144, 66, 100], [144, 56, 100], [144, 61, 100], [144, 9999, 0], [144, 58, 100], [144, 9999, 0], [144, 9999, 0], [144, 9999, 0], [144, 61, 100], [144, 59, 100], [144, 64, 100], [144, 58, 100], [144, 9999, 0], [144, 9999, 0], [144, 9999, 0], [144, 56, 100], [144, 9999, 0], [144, 58, 100], [144, 52, 100], [144, 9999, 0], [144, 9999, 0], [144, 9999, 0], [144, 9999, 0], [144, 61, 100], [144, 58, 100], [144, 56, 100], [144, 58, 100], [144, 9999, 0], [144, 61, 100], [144, 54, 100], [144, 9999, 0], [144, 61, 100], [144, 9999, 0], [144, 52, 100], [144, 9999, 0], [144, 56, 100], [144, 9999, 0], [144, 63, 100], [144, 9999, 0], [144, 56, 100]]"
[2018-04-08 00:23:20.663671]: "Sequence set to: [[144, 56, 100], [144, 52, 100], [144, 9999, 0], [144, 9999, 0], [144, 61, 100], [144, 9999, 0], [144, 9999, 0], [144, 66, 100], [144, 9999, 0], [144, 56, 100], [144, 64, 100], [144, 58, 100], [144, 9999, 0], [144, 52, 100], [144, 52, 100], [144, 9999, 0], [144, 54, 100], [144, 64, 100], [144, 9999, 0], [144, 63, 100], [144, 58, 100], [144, 54, 100], [144, 9999, 0], [144, 9999, 0], [144, 9999, 0], [144, 59, 100], [144, 9999, 0], [144, 64, 100], [144, 63, 100], [144, 9999, 0], [144, 66, 100], [144, 9999, 0], [144, 58, 100], [144, 61, 100], [144, 64, 100], [144, 68, 100], [144, 9999, 0], [144, 63, 100], [144, 61, 100], [144, 9999, 0], [144, 9999, 0], [144, 54, 100], [144, 61, 100], [144, 64, 100], [144, 61, 100], [144, 9999, 0], [144, 9999, 0], [144, 56, 100], [144, 9999, 0], [144, 61, 100], [144, 9999, 0], [144, 58, 100], [144, 64, 100], [144, 68, 100], [144, 61, 100], [144, 66, 100], [144, 9999, 0], [144, 54, 100], [144, 9999, 0], [144, 58, 100], [144, 9999, 0], [144, 9999, 0], [144, 61, 100], [144, 59, 100], [144, 9999, 0], [144, 58, 100], [144, 9999, 0], [144, 68, 100], [144, 58, 100], [144, 61, 100], [144, 66, 100], [144, 9999, 0], [144, 52, 100], [144, 68, 100], [144, 54, 100], [144, 9999, 0], [144, 61, 100], [144, 59, 100], [144, 9999, 0], [144, 9999, 0], [144, 9999, 0], [144, 9999, 0], [144, 52, 100], [144, 9999, 0], [144, 9999, 0], [144, 9999, 0], [144, 64, 100], [144, 9999, 0], [144, 54, 100], [144, 9999, 0], [144, 9999, 0], [144, 9999, 0], [144, 61, 100], [144, 64, 100], [144, 52, 100], [144, 68, 100], [144, 9999, 0], [144, 59, 100], [144, 9999, 0], [144, 9999, 0], [144, 9999, 0], [144, 63, 100], [144, 9999, 0], [144, 9999, 0], [144, 56, 100], [144, 63, 100], [144, 59, 100], [144, 61, 100], [144, 9999, 0], [144, 9999, 0], [144, 61, 100], [144, 58, 100], [144, 9999, 0], [144, 61, 100], [144, 58, 100], [144, 52, 100], [144, 58, 100], [144, 63, 100], [144, 9999, 0], [144, 54, 100], [144, 59, 100], [144, 9999, 0], [144, 9999, 0], [144, 52, 100], [144, 63, 100], [144, 61, 100], [144, 9999, 0]]"
[2018-04-08 00:23:26.164599]: "Sequence set to: []"
[2018-04-08 00:23:32.996455]: ""00202503""
[2018-04-08 00:23:40.628773]: ""00202503 r0rr2r1r""
[2018-04-08 00:23:48.013021]: "Sequence set to: [[144, 52, 100], [144, 52, 100], [144, 56, 100], [144, 52, 100], [144, 56, 100], [144, 61, 100], [144, 52, 100], [144, 58, 100], [144, 52, 100], [144, 52, 100], [144, 56, 100], [144, 52, 100], [144, 56, 100], [144, 61, 100], [144, 52, 100], [144, 58, 100], [144, 52, 100], [144, 52, 100], [144, 56, 100], [144, 52, 100], [144, 56, 100], [144, 61, 100], [144, 52, 100], [144, 58, 100], [144, 59, 100], [144, 52, 100], [144, 66, 100], [144, 63, 100], [144, 56, 100], [144, 56, 100], [144, 54, 100], [144, 59, 100]]"
[2018-04-08 00:24:15.428524]: "Sequence set to: [[144, 52, 100], [144, 52, 100], [144, 56, 100], [144, 52, 100], [144, 56, 100], [144, 61, 100], [144, 52, 100], [144, 58, 100], [144, 52, 100], [144, 52, 100], [144, 56, 100], [144, 52, 100], [144, 56, 100], [144, 61, 100], [144, 52, 100], [144, 58, 100], [144, 52, 100], [144, 52, 100], [144, 56, 100], [144, 52, 100], [144, 56, 100], [144, 61, 100], [144, 52, 100], [144, 58, 100], [144, 58, 100], [144, 52, 100], [144, 58, 100], [144, 58, 100], [144, 56, 100], [144, 58, 100], [144, 54, 100], [144, 54, 100]]"
[2018-04-08 00:24:29.237330]: "Sequence set to: [[144, 52, 100], [144, 52, 100], [144, 56, 100], [144, 52, 100], [144, 56, 100], [144, 61, 100], [144, 52, 100], [144, 58, 100], [144, 52, 100], [144, 52, 100], [144, 56, 100], [144, 52, 100], [144, 56, 100], [144, 61, 100], [144, 52, 100], [144, 58, 100], [144, 52, 100], [144, 52, 100], [144, 56, 100], [144, 52, 100], [144, 56, 100], [144, 61, 100], [144, 52, 100], [144, 58, 100], [144, 52, 100], [144, 52, 100], [144, 54, 100], [144, 59, 100], [144, 56, 100], [144, 63, 100], [144, 54, 100], [144, 52, 100]]"
[2018-04-08 00:24:31.725099]: "Sequence set to: [[144, 52, 100], [144, 52, 100], [144, 56, 100], [144, 52, 100], [144, 56, 100], [144, 61, 100], [144, 52, 100], [144, 58, 100], [144, 52, 100], [144, 52, 100], [144, 56, 100], [144, 52, 100], [144, 56, 100], [144, 61, 100], [144, 52, 100], [144, 58, 100], [144, 52, 100], [144, 52, 100], [144, 56, 100], [144, 52, 100], [144, 56, 100], [144, 61, 100], [144, 52, 100], [144, 58, 100], [144, 66, 100], [144, 52, 100], [144, 66, 100], [144, 66, 100], [144, 56, 100], [144, 63, 100], [144, 54, 100], [144, 56, 100]]"
[2018-04-08 00:24:50.732617]: "Sequence set to: [[144, 52, 100], [144, 52, 100], [144, 56, 100], [144, 52, 100], [144, 56, 100], [144, 61, 100], [144, 52, 100], [144, 58, 100], [144, 52, 100], [144, 52, 100], [144, 56, 100], [144, 52, 100], [144, 56, 100], [144, 61, 100], [144, 52, 100], [144, 58, 100], [144, 52, 100], [144, 52, 100], [144, 56, 100], [144, 52, 100], [144, 56, 100], [144, 61, 100], [144, 52, 100], [144, 58, 100], [144, 54, 100], [144, 52, 100], [144, 54, 100], [144, 52, 100], [144, 56, 100], [144, 56, 100], [144, 54, 100], [144, 54, 100], [144, 52, 100], [144, 52, 100], [144, 56, 100], [144, 52, 100], [144, 56, 100], [144, 61, 100], [144, 52, 100], [144, 58, 100], [144, 52, 100], [144, 52, 100], [144, 56, 100], [144, 52, 100], [144, 56, 100], [144, 61, 100], [144, 52, 100], [144, 58, 100], [144, 52, 100], [144, 52, 100], [144, 56, 100], [144, 52, 100], [144, 56, 100], [144, 61, 100], [144, 52, 100], [144, 58, 100], [144, 64, 100], [144, 52, 100], [144, 44, 100], [144, 52, 100], [144, 44, 100], [144, 73, 100], [144, 52, 100], [144, 46, 100]]"
[2018-04-08 00:24:59.636934]: "Poly: [-12]"
[2018-04-08 00:25:02.613042]: "Poly: [12]"
[2018-04-08 00:25:08.852494]: "Poly relative: [3]"
[2018-04-08 00:25:18.909626]: "Skip notes sequential: [3, 1, 2]"
[2018-04-08 00:25:34.052401]: "Skip notes sequential: [3, 1, 5]"
[2018-04-08 00:25:39.100977]: "Skip notes sequential: [3, 2, 5]"
[2018-04-08 00:26:01.757087]: "Skip notes sequential: [3, 2, 5, 2, 7]"
[2018-04-08 00:26:09.316467]: "Root sequence set to: [50]"
[2018-04-08 00:26:09.407532]: "Root changed to: 50"
[2018-04-08 00:26:13.756623]: "Root sequence set to: [51]"
[2018-04-08 00:26:13.885716]: "Root changed to: 51"
[2018-04-08 00:26:16.116301]: "Root sequence set to: [52]"
[2018-04-08 00:26:16.184348]: "Root changed to: 52"
[2018-04-08 00:26:22.452787]: "Root sequence set to: [52, 52, 52, 52, 52, 52, 52, 52, 52, 52, 53, 53, 53, 53, 53]"
[2018-04-08 00:26:23.109270]: "Root changed to: 53"
[2018-04-08 00:26:24.183034]: "Root changed to: 52"
[2018-04-08 00:26:26.177448]: "Root changed to: 53"
[2018-04-08 00:26:26.943988]: "Root changed to: 52"
[2018-04-08 00:26:28.935413]: "Root changed to: 53"
[2018-04-08 00:26:30.007172]: "Root changed to: 52"
[2018-04-08 00:26:30.180297]: "Root sequence set to: [52, 52, 52, 52, 52, 52, 52, 52, 52, 52, 52, 52, 52, 52, 52, 52, 53, 53, 53, 53, 53, 53, 53, 53, 53, 53, 53, 53, 53, 53, 53, 53]"
[2018-04-08 00:26:31.079918]: "Root changed to: 53"
[2018-04-08 00:26:34.143113]: "Root changed to: 52"
[2018-04-08 00:26:37.360827]: "Root changed to: 53"
[2018-04-08 00:26:40.427011]: "Root changed to: 52"
[2018-04-08 00:26:43.499196]: "Root changed to: 53"
[2018-04-08 00:26:46.720482]: "Root changed to: 52"
[2018-04-08 00:26:48.957055]: "Root sequence set to: [52, 52, 52, 52, 52, 52, 52, 52, 52, 52, 52, 52, 52, 52, 52, 52, 57, 57, 57, 57, 57, 57, 57, 57, 57, 57, 57, 57, 57, 57, 57, 57]"
[2018-04-08 00:26:49.691590]: "Root changed to: 57"
[2018-04-08 00:26:52.759773]: "Root changed to: 52"
[2018-04-08 00:26:55.988073]: "Root changed to: 57"
[2018-04-08 00:26:59.211360]: "Root changed to: 52"
[2018-04-08 00:27:00.020923]: "Octave sequence set to: [0, 0, 0, 0, 0, 0, 0, 0, 0, 0, 0, 0, 0, 0, 0, 0, -12, -12, -12, -12, -12, -12, -12, -12, -12, -12, -12, -12, -12, -12, -12, -12]"
[2018-04-08 00:27:02.128433]: "Root changed to: 57"
[2018-04-08 00:27:05.351723]: "Root changed to: 52"
[2018-04-08 00:27:08.434916]: "Root changed to: 57"
[2018-04-08 00:27:11.505094]: "Root changed to: 52"
[2018-04-08 00:27:13.668636]: "Skip notes sequential: []"
[2018-04-08 00:27:14.477207]: "Root changed to: 57"
[2018-04-08 00:27:16.934943]: "Root changed to: 52"
[2018-04-08 00:27:19.392702]: "Root changed to: 57"
[2018-04-08 00:27:21.849451]: "Root changed to: 52"
[2018-04-08 00:27:22.084616]: "Off list: [3, 2, 1]"
[2018-04-08 00:27:24.312197]: "Root changed to: 57"
[2018-04-08 00:27:26.771945]: "Root changed to: 52"
[2018-04-08 00:27:27.524482]: "Off list: [3, 2, 1, 4, 3, 2, 1]"
[2018-04-08 00:27:29.228694]: "Root changed to: 57"
[2018-04-08 00:27:31.686441]: "Root changed to: 52"
[2018-04-08 00:27:34.179210]: "Root changed to: 57"
[2018-04-08 00:27:36.670983]: "Root changed to: 52"
[2018-04-08 00:27:37.021226]: "Sequence set to: [[144, 52, 100], [144, 52, 100], [144, 56, 100], [144, 52, 100], [144, 56, 100], [144, 61, 100], [144, 52, 100], [144, 58, 100], [144, 52, 100], [144, 52, 100], [144, 56, 100], [144, 52, 100], [144, 56, 100], [144, 61, 100], [144, 52, 100], [144, 58, 100], [144, 52, 100], [144, 52, 100], [144, 56, 100], [144, 52, 100], [144, 56, 100], [144, 61, 100], [144, 52, 100], [144, 58, 100], [144, 56, 100], [144, 52, 100], [144, 52, 100], [144, 59, 100], [144, 56, 100], [144, 56, 100], [144, 54, 100], [144, 58, 100], [144, 52, 100], [144, 52, 100], [144, 56, 100], [144, 52, 100], [144, 56, 100], [144, 61, 100], [144, 52, 100], [144, 58, 100], [144, 52, 100], [144, 52, 100], [144, 56, 100], [144, 52, 100], [144, 56, 100], [144, 61, 100], [144, 52, 100], [144, 58, 100], [144, 52, 100], [144, 52, 100], [144, 56, 100], [144, 52, 100], [144, 56, 100], [144, 61, 100], [144, 52, 100], [144, 58, 100], [144, 40, 100], [144, 40, 100], [144, 44, 100], [144, 40, 100], [144, 44, 100], [144, 61, 100], [144, 40, 100], [144, 58, 100]]"
[2018-04-08 00:27:37.852825]: "Sequence set to: [[144, 52, 100], [144, 52, 100], [144, 56, 100], [144, 52, 100], [144, 56, 100], [144, 61, 100], [144, 52, 100], [144, 58, 100], [144, 52, 100], [144, 52, 100], [144, 56, 100], [144, 52, 100], [144, 56, 100], [144, 61, 100], [144, 52, 100], [144, 58, 100], [144, 52, 100], [144, 52, 100], [144, 56, 100], [144, 52, 100], [144, 56, 100], [144, 61, 100], [144, 52, 100], [144, 58, 100], [144, 52, 100], [144, 52, 100], [144, 59, 100], [144, 59, 100], [144, 56, 100], [144, 59, 100], [144, 54, 100], [144, 56, 100], [144, 52, 100], [144, 52, 100], [144, 56, 100], [144, 52, 100], [144, 56, 100], [144, 61, 100], [144, 52, 100], [144, 58, 100], [144, 52, 100], [144, 52, 100], [144, 56, 100], [144, 52, 100], [144, 56, 100], [144, 61, 100], [144, 52, 100], [144, 58, 100], [144, 52, 100], [144, 52, 100], [144, 56, 100], [144, 52, 100], [144, 56, 100], [144, 61, 100], [144, 52, 100], [144, 58, 100], [144, 64, 100], [144, 40, 100], [144, 56, 100], [144, 40, 100], [144, 44, 100], [144, 61, 100], [144, 40, 100], [144, 46, 100]]"
[2018-04-08 00:27:39.130732]: "Root changed to: 57"
[2018-04-08 00:27:41.592482]: "Root changed to: 52"
[2018-04-08 00:27:44.051215]: "Root changed to: 57"
[2018-04-08 00:27:46.512976]: "Root changed to: 52"
[2018-04-08 00:27:48.973728]: "Root changed to: 57"
[2018-04-08 00:27:51.433473]: "Root changed to: 52"
[2018-04-08 00:27:52.996572]: "Sequence set to: [[144, 52, 100], [144, 40, 100], [144, 56, 100], [144, 52, 100], [144, 44, 100], [144, 73, 100], [144, 40, 100], [144, 70, 100], [144, 52, 100], [144, 40, 100], [144, 56, 100], [144, 52, 100], [144, 44, 100], [144, 73, 100], [144, 40, 100], [144, 70, 100], [144, 52, 100], [144, 40, 100], [144, 56, 100], [144, 52, 100], [144, 44, 100], [144, 73, 100], [144, 40, 100], [144, 70, 100], [144, 52, 100], [144, 52, 100], [144, 63, 100], [144, 66, 100], [144, 56, 100], [144, 61, 100], [144, 54, 100], [144, 66, 100], [144, 52, 100], [144, 52, 100], [144, 56, 100], [144, 52, 100], [144, 56, 100], [144, 61, 100], [144, 52, 100], [144, 58, 100], [144, 52, 100], [144, 52, 100], [144, 56, 100], [144, 52, 100], [144, 56, 100], [144, 61, 100], [144, 52, 100], [144, 58, 100], [144, 52, 100], [144, 52, 100], [144, 56, 100], [144, 52, 100], [144, 56, 100], [144, 61, 100], [144, 52, 100], [144, 58, 100], [144, 52, 100], [144, 52, 100], [144, 56, 100], [144, 64, 100], [144, 56, 100], [144, 73, 100], [144, 52, 100], [144, 46, 100]]"
[2018-04-08 00:27:53.954268]: "Root changed to: 57"
[2018-04-08 00:27:55.812588]: "Sequence set to: [[144, 57, 100], [144, 45, 100], [144, 61, 100], [144, 69, 100], [144, 49, 100], [144, 66, 100], [144, 57, 100], [144, 51, 100], [144, 57, 100], [144, 45, 100], [144, 61, 100], [144, 69, 100], [144, 49, 100], [144, 66, 100], [144, 57, 100], [144, 51, 100], [144, 57, 100], [144, 45, 100], [144, 61, 100], [144, 69, 100], [144, 49, 100], [144, 66, 100], [144, 57, 100], [144, 51, 100], [144, 68, 100], [144, 57, 100], [144, 69, 100], [144, 68, 100], [144, 61, 100], [144, 68, 100], [144, 59, 100], [144, 64, 100], [144, 57, 100], [144, 57, 100], [144, 61, 100], [144, 57, 100], [144, 61, 100], [144, 66, 100], [144, 57, 100], [144, 63, 100], [144, 57, 100], [144, 57, 100], [144, 61, 100], [144, 57, 100], [144, 61, 100], [144, 66, 100], [144, 57, 100], [144, 63, 100], [144, 57, 100], [144, 57, 100], [144, 61, 100], [144, 57, 100], [144, 61, 100], [144, 66, 100], [144, 57, 100], [144, 63, 100], [144, 69, 100], [144, 69, 100], [144, 61, 100], [144, 45, 100], [144, 49, 100], [144, 66, 100], [144, 69, 100], [144, 51, 100]]"
[2018-04-08 00:27:56.414016]: "Root changed to: 52"
[2018-04-08 00:27:57.069474]: "Sequence set to: [[144, 40, 100], [144, 52, 100], [144, 44, 100], [144, 52, 100], [144, 68, 100], [144, 73, 100], [144, 40, 100], [144, 58, 100], [144, 40, 100], [144, 52, 100], [144, 44, 100], [144, 52, 100], [144, 68, 100], [144, 73, 100], [144, 40, 100], [144, 58, 100], [144, 40, 100], [144, 52, 100], [144, 44, 100], [144, 52, 100], [144, 68, 100], [144, 73, 100], [144, 40, 100], [144, 58, 100], [144, 56, 100], [144, 52, 100], [144, 66, 100], [144, 59, 100], [144, 56, 100], [144, 61, 100], [144, 54, 100], [144, 58, 100], [144, 52, 100], [144, 52, 100], [144, 56, 100], [144, 52, 100], [144, 56, 100], [144, 61, 100], [144, 52, 100], [144, 58, 100], [144, 52, 100], [144, 52, 100], [144, 56, 100], [144, 52, 100], [144, 56, 100], [144, 61, 100], [144, 52, 100], [144, 58, 100], [144, 52, 100], [144, 52, 100], [144, 56, 100], [144, 52, 100], [144, 56, 100], [144, 61, 100], [144, 52, 100], [144, 58, 100], [144, 40, 100], [144, 52, 100], [144, 44, 100], [144, 40, 100], [144, 68, 100], [144, 73, 100], [144, 40, 100], [144, 46, 100]]"
[2018-04-08 00:27:58.872760]: "Root changed to: 57"
[2018-04-08 00:28:01.331512]: "Root changed to: 52"
[2018-04-08 00:28:03.820279]: "Root changed to: 57"
[2018-04-08 00:28:06.279028]: "Root changed to: 52"
[2018-04-08 00:28:08.741778]: "Root changed to: 57"
[2018-04-08 00:28:11.203527]: "Root changed to: 52"
[2018-04-08 00:28:13.695299]: "Root changed to: 57"
[2018-04-08 00:28:16.156046]: "Root changed to: 52"
[2018-04-08 00:28:18.614795]: "Root changed to: 57"
[2018-04-08 00:28:21.074544]: "Root changed to: 52"
[2018-04-08 00:28:23.564313]: "Root changed to: 57"
[2018-04-08 00:28:26.025063]: "Root changed to: 52"
[2018-04-08 00:28:28.486811]: "Root changed to: 57"
[2018-04-08 00:28:30.945541]: "Root changed to: 52"
[2018-04-08 00:28:32.940960]: "Sequence set to: [[144, 64, 100], [144, 40, 100], [144, 68, 100], [144, 64, 100], [144, 44, 100], [144, 49, 100], [144, 52, 100], [144, 70, 100], [144, 64, 100], [144, 40, 100], [144, 68, 100], [144, 64, 100], [144, 44, 100], [144, 49, 100], [144, 52, 100], [144, 70, 100], [144, 64, 100], [144, 40, 100], [144, 68, 100], [144, 64, 100], [144, 44, 100], [144, 49, 100], [144, 52, 100], [144, 70, 100], [144, 58, 100], [144, 52, 100], [144, 56, 100], [144, 58, 100], [144, 56, 100], [144, 63, 100], [144, 54, 100], [144, 64, 100], [144, 52, 100], [144, 52, 100], [144, 56, 100], [144, 52, 100], [144, 56, 100], [144, 61, 100], [144, 52, 100], [144, 58, 100], [144, 52, 100], [144, 52, 100], [144, 56, 100], [144, 52, 100], [144, 56, 100], [144, 61, 100], [144, 52, 100], [144, 58, 100], [144, 52, 100], [144, 52, 100], [144, 56, 100], [144, 52, 100], [144, 56, 100], [144, 61, 100], [144, 52, 100], [144, 58, 100], [144, 64, 100], [144, 52, 100], [144, 68, 100], [144, 52, 100], [144, 44, 100], [144, 61, 100], [144, 40, 100], [144, 70, 100]]"
[2018-04-08 00:28:33.431325]: "Root changed to: 57"
[2018-04-08 00:28:35.889072]: "Root changed to: 52"
[2018-04-08 00:28:38.352825]: "Root changed to: 57"
[2018-04-08 00:28:40.811568]: "Root changed to: 52"
[2018-04-08 00:28:43.295338]: "Root changed to: 57"
[2018-04-08 00:28:43.934784]: "Sequence set to: [[144, 71, 100], [144, 69, 100], [144, 71, 100], [144, 71, 100], [144, 69, 100], [144, 71, 100], [144, 71, 100], [144, 69, 100], [144, 71, 100], [144, 71, 100], [144, 69, 100], [144, 71, 100], [144, 71, 100], [144, 69, 100], [144, 71, 100], [144, 71, 100], [144, 69, 100], [144, 71, 100], [144, 71, 100], [144, 69, 100], [144, 71, 100], [144, 71, 100], [144, 69, 100], [144, 71, 100], [144, 71, 100], [144, 69, 100], [144, 71, 100], [144, 71, 100], [144, 69, 100], [144, 71, 100], [144, 71, 100], [144, 69, 100], [144, 71, 100], [144, 71, 100], [144, 69, 100], [144, 71, 100], [144, 71, 100], [144, 69, 100], [144, 71, 100], [144, 71, 100], [144, 69, 100], [144, 71, 100], [144, 71, 100], [144, 69, 100], [144, 71, 100], [144, 71, 100], [144, 69, 100], [144, 71, 100], [144, 71, 100], [144, 69, 100], [144, 71, 100], [144, 71, 100], [144, 69, 100], [144, 71, 100], [144, 71, 100], [144, 69, 100], [144, 71, 100], [144, 71, 100], [144, 69, 100], [144, 71, 100], [144, 71, 100], [144, 69, 100], [144, 71, 100], [144, 71, 100], [144, 69, 100], [144, 71, 100], [144, 71, 100], [144, 69, 100], [144, 71, 100], [144, 71, 100], [144, 69, 100], [144, 71, 100], [144, 71, 100], [144, 69, 100], [144, 71, 100], [144, 71, 100], [144, 69, 100], [144, 71, 100], [144, 71, 100], [144, 69, 100], [144, 71, 100], [144, 71, 100], [144, 69, 100], [144, 71, 100], [144, 71, 100], [144, 69, 100], [144, 71, 100], [144, 71, 100], [144, 69, 100], [144, 71, 100], [144, 71, 100], [144, 69, 100], [144, 71, 100], [144, 71, 100], [144, 69, 100], [144, 71, 100], [144, 71, 100], [144, 69, 100], [144, 71, 100], [144, 71, 100], [144, 69, 100], [144, 71, 100], [144, 71, 100], [144, 69, 100], [144, 71, 100], [144, 71, 100], [144, 69, 100], [144, 71, 100], [144, 71, 100], [144, 69, 100], [144, 71, 100], [144, 71, 100], [144, 69, 100], [144, 71, 100], [144, 71, 100], [144, 69, 100], [144, 71, 100], [144, 71, 100], [144, 69, 100], [144, 71, 100], [144, 71, 100], [144, 69, 100], [144, 71, 100], [144, 71, 100], [144, 69, 100], [144, 71, 100], [144, 71, 100], [144, 69, 100], [144, 71, 100], [144, 71, 100], [144, 69, 100], [144, 71, 100], [144, 71, 100], [144, 69, 100], [144, 71, 100], [144, 71, 100], [144, 69, 100], [144, 71, 100], [144, 71, 100], [144, 69, 100], [144, 71, 100], [144, 71, 100], [144, 69, 100], [144, 71, 100], [144, 71, 100], [144, 69, 100], [144, 71, 100], [144, 71, 100], [144, 69, 100], [144, 71, 100], [144, 71, 100], [144, 69, 100], [144, 71, 100], [144, 71, 100], [144, 69, 100], [144, 71, 100], [144, 71, 100], [144, 69, 100], [144, 71, 100], [144, 71, 100], [144, 69, 100], [144, 71, 100], [144, 71, 100], [144, 69, 100], [144, 71, 100], [144, 71, 100], [144, 69, 100], [144, 71, 100], [144, 71, 100], [144, 69, 100], [144, 71, 100], [144, 71, 100], [144, 69, 100], [144, 71, 100], [144, 71, 100], [144, 69, 100], [144, 71, 100], [144, 71, 100], [144, 69, 100], [144, 71, 100], [144, 71, 100], [144, 69, 100], [144, 71, 100], [144, 71, 100], [144, 69, 100], [144, 71, 100], [144, 71, 100], [144, 69, 100], [144, 71, 100], [144, 71, 100], [144, 69, 100], [144, 71, 100], [144, 71, 100], [144, 69, 100], [144, 71, 100], [144, 71, 100], [144, 69, 100], [144, 71, 100], [144, 71, 100], [144, 69, 100], [144, 71, 100], [144, 71, 100], [144, 69, 100], [144, 71, 100], [144, 71, 100], [144, 69, 100], [144, 71, 100], [144, 71, 100], [144, 69, 100], [144, 71, 100], [144, 71, 100], [144, 69, 100], [144, 71, 100], [144, 71, 100], [144, 69, 100], [144, 71, 100], [144, 71, 100], [144, 69, 100], [144, 71, 100], [144, 71, 100], [144, 69, 100], [144, 71, 100], [144, 71, 100], [144, 69, 100], [144, 71, 100], [144, 71, 100], [144, 69, 100], [144, 71, 100], [144, 71, 100], [144, 69, 100], [144, 71, 100], [144, 71, 100], [144, 69, 100], [144, 71, 100], [144, 71, 100], [144, 69, 100], [144, 71, 100], [144, 71, 100], [144, 69, 100], [144, 71, 100], [144, 71, 100], [144, 69, 100], [144, 71, 100], [144, 71, 100], [144, 69, 100], [144, 71, 100], [144, 71, 100], [144, 69, 100], [144, 71, 100], [144, 71, 100], [144, 69, 100], [144, 71, 100], [144, 71, 100], [144, 69, 100], [144, 71, 100], [144, 71, 100], [144, 69, 100], [144, 71, 100], [144, 71, 100], [144, 69, 100], [144, 71, 100], [144, 71, 100], [144, 69, 100], [144, 71, 100], [144, 71, 100], [144, 69, 100], [144, 71, 100], [144, 71, 100], [144, 69, 100], [144, 71, 100], [144, 71, 100], [144, 69, 100], [144, 71, 100], [144, 71, 100], [144, 69, 100], [144, 71, 100], [144, 71, 100], [144, 69, 100], [144, 71, 100], [144, 71, 100], [144, 69, 100], [144, 71, 100], [144, 71, 100], [144, 69, 100], [144, 71, 100], [144, 71, 100], [144, 69, 100], [144, 71, 100], [144, 71, 100], [144, 69, 100], [144, 71, 100], [144, 71, 100], [144, 69, 100], [144, 71, 100], [144, 71, 100], [144, 69, 100], [144, 71, 100], [144, 71, 100], [144, 69, 100], [144, 71, 100], [144, 71, 100], [144, 69, 100], [144, 71, 100], [144, 71, 100], [144, 69, 100], [144, 71, 100], [144, 71, 100], [144, 69, 100], [144, 71, 100], [144, 71, 100], [144, 69, 100], [144, 71, 100], [144, 71, 100], [144, 69, 100], [144, 71, 100], [144, 71, 100], [144, 69, 100], [144, 71, 100], [144, 71, 100], [144, 69, 100], [144, 71, 100], [144, 71, 100], [144, 69, 100], [144, 71, 100], [144, 71, 100], [144, 69, 100], [144, 71, 100], [144, 71, 100], [144, 69, 100], [144, 71, 100], [144, 71, 100], [144, 69, 100], [144, 71, 100], [144, 71, 100], [144, 69, 100], [144, 71, 100], [144, 71, 100], [144, 69, 100], [144, 71, 100], [144, 71, 100], [144, 69, 100], [144, 71, 100], [144, 71, 100], [144, 69, 100], [144, 71, 100], [144, 71, 100], [144, 69, 100], [144, 71, 100], [144, 71, 100], [144, 69, 100], [144, 71, 100], [144, 71, 100], [144, 69, 100], [144, 71, 100], [144, 71, 100], [144, 69, 100], [144, 71, 100], [144, 71, 100], [144, 69, 100], [144, 71, 100], [144, 71, 100], [144, 69, 100], [144, 71, 100], [144, 71, 100], [144, 69, 100], [144, 71, 100], [144, 71, 100], [144, 69, 100], [144, 71, 100], [144, 71, 100], [144, 69, 100], [144, 71, 100], [144, 71, 100], [144, 69, 100], [144, 71, 100], [144, 71, 100], [144, 69, 100], [144, 71, 100], [144, 71, 100], [144, 69, 100], [144, 71, 100], [144, 71, 100], [144, 69, 100], [144, 71, 100], [144, 71, 100], [144, 69, 100], [144, 71, 100], [144, 71, 100], [144, 69, 100], [144, 71, 100], [144, 71, 100], [144, 69, 100], [144, 71, 100], [144, 71, 100], [144, 69, 100], [144, 71, 100], [144, 71, 100], [144, 69, 100], [144, 71, 100], [144, 71, 100], [144, 69, 100], [144, 71, 100], [144, 71, 100], [144, 69, 100], [144, 71, 100], [144, 71, 100], [144, 69, 100], [144, 71, 100], [144, 71, 100], [144, 69, 100], [144, 71, 100], [144, 71, 100], [144, 69, 100], [144, 71, 100], [144, 71, 100], [144, 69, 100], [144, 71, 100], [144, 71, 100], [144, 69, 100], [144, 71, 100], [144, 71, 100], [144, 69, 100], [144, 71, 100], [144, 71, 100], [144, 69, 100], [144, 71, 100], [144, 71, 100], [144, 69, 100], [144, 71, 100], [144, 71, 100], [144, 69, 100], [144, 71, 100], [144, 71, 100], [144, 69, 100], [144, 71, 100], [144, 71, 100], [144, 69, 100], [144, 71, 100], [144, 71, 100], [144, 69, 100], [144, 71, 100], [144, 71, 100], [144, 69, 100], [144, 71, 100], [144, 71, 100], [144, 69, 100], [144, 71, 100], [144, 71, 100], [144, 69, 100], [144, 71, 100], [144, 71, 100], [144, 69, 100], [144, 71, 100], [144, 71, 100], [144, 69, 100], [144, 71, 100], [144, 71, 100], [144, 69, 100], [144, 71, 100], [144, 71, 100], [144, 69, 100], [144, 71, 100], [144, 71, 100], [144, 69, 100], [144, 71, 100], [144, 71, 100], [144, 69, 100], [144, 71, 100], [144, 71, 100], [144, 69, 100], [144, 71, 100], [144, 71, 100], [144, 69, 100], [144, 71, 100], [144, 71, 100], [144, 69, 100], [144, 71, 100], [144, 71, 100], [144, 69, 100], [144, 71, 100], [144, 71, 100], [144, 69, 100], [144, 71, 100], [144, 71, 100], [144, 69, 100], [144, 71, 100], [144, 71, 100], [144, 69, 100], [144, 71, 100], [144, 71, 100], [144, 69, 100], [144, 71, 100], [144, 71, 100], [144, 69, 100], [144, 71, 100], [144, 71, 100], [144, 69, 100], [144, 71, 100], [144, 71, 100], [144, 69, 100], [144, 71, 100], [144, 71, 100], [144, 69, 100], [144, 71, 100], [144, 71, 100], [144, 69, 100], [144, 71, 100], [144, 71, 100], [144, 69, 100], [144, 71, 100], [144, 71, 100], [144, 69, 100], [144, 71, 100], [144, 71, 100], [144, 69, 100], [144, 71, 100], [144, 71, 100], [144, 69, 100], [144, 71, 100], [144, 71, 100], [144, 69, 100], [144, 71, 100], [144, 71, 100], [144, 69, 100], [144, 71, 100], [144, 71, 100], [144, 69, 100], [144, 71, 100], [144, 71, 100], [144, 69, 100], [144, 71, 100], [144, 71, 100], [144, 69, 100], [144, 71, 100], [144, 71, 100], [144, 69, 100], [144, 71, 100], [144, 71, 100], [144, 69, 100], [144, 71, 100], [144, 71, 100], [144, 69, 100], [144, 71, 100], [144, 71, 100], [144, 69, 100], [144, 71, 100], [144, 71, 100], [144, 69, 100], [144, 71, 100], [144, 71, 100], [144, 69, 100], [144, 71, 100], [144, 71, 100], [144, 69, 100], [144, 71, 100], [144, 71, 100], [144, 69, 100], [144, 71, 100], [144, 71, 100], [144, 69, 100], [144, 71, 100], [144, 71, 100], [144, 69, 100], [144, 71, 100], [144, 71, 100], [144, 69, 100], [144, 71, 100], [144, 71, 100], [144, 69, 100], [144, 71, 100], [144, 71, 100], [144, 69, 100], [144, 71, 100], [144, 71, 100], [144, 69, 100], [144, 71, 100], [144, 71, 100], [144, 69, 100], [144, 71, 100], [144, 71, 100], [144, 69, 100], [144, 71, 100], [144, 71, 100], [144, 69, 100], [144, 71, 100], [144, 71, 100], [144, 69, 100], [144, 71, 100], [144, 71, 100], [144, 69, 100], [144, 71, 100], [144, 71, 100], [144, 69, 100], [144, 71, 100], [144, 71, 100], [144, 69, 100], [144, 71, 100], [144, 71, 100], [144, 69, 100], [144, 71, 100], [144, 45, 100], [144, 69, 100], [144, 73, 100], [144, 69, 100], [144, 49, 100], [144, 54, 100], [144, 45, 100], [144, 63, 100], [144, 45, 100], [144, 69, 100], [144, 73, 100], [144, 69, 100], [144, 49, 100], [144, 54, 100], [144, 45, 100], [144, 63, 100], [144, 45, 100], [144, 69, 100], [144, 73, 100], [144, 69, 100], [144, 49, 100], [144, 54, 100], [144, 45, 100], [144, 63, 100], [144, 69, 100], [144, 57, 100], [144, 57, 100], [144, 61, 100], [144, 61, 100], [144, 63, 100], [144, 59, 100], [144, 64, 100], [144, 57, 100], [144, 57, 100], [144, 61, 100], [144, 57, 100], [144, 61, 100], [144, 66, 100], [144, 57, 100], [144, 63, 100], [144, 57, 100], [144, 57, 100], [144, 61, 100], [144, 57, 100], [144, 61, 100], [144, 66, 100], [144, 57, 100], [144, 63, 100], [144, 57, 100], [144, 57, 100], [144, 61, 100], [144, 57, 100], [144, 61, 100], [144, 66, 100], [144, 57, 100], [144, 63, 100], [144, 57, 100], [144, 69, 100], [144, 73, 100], [144, 45, 100], [144, 73, 100], [144, 78, 100], [144, 57, 100], [144, 51, 100]]"
[2018-04-08 00:28:45.754089]: "Root changed to: 52"
[2018-04-08 00:28:48.215836]: "Root changed to: 57"
[2018-04-08 00:28:50.674566]: "Root changed to: 52"
[2018-04-08 00:28:53.134330]: "Root changed to: 57"
[2018-04-08 00:28:55.595078]: "Root changed to: 52"
[2018-04-08 00:28:58.109861]: "Root changed to: 57"
[2018-04-08 00:29:00.569613]: "Root changed to: 52"
[2018-04-08 00:29:03.033362]: "Root changed to: 57"
[2018-04-08 00:29:05.494114]: "Root changed to: 52"
[2018-04-08 00:29:07.973873]: "Root changed to: 57"
[2018-04-08 00:29:09.540972]: "Root sequence set to: [52]"
[2018-04-08 00:29:09.665076]: "Root changed to: 52"
[2018-04-08 00:29:17.663744]: "Sequence set to: [[144, 63, 100], [144, 64, 100], [144, 63, 100], [144, 63, 100], [144, 64, 100], [144, 63, 100], [144, 63, 100], [144, 64, 100], [144, 63, 100], [144, 63, 100], [144, 64, 100], [144, 63, 100], [144, 63, 100], [144, 64, 100], [144, 63, 100], [144, 63, 100], [144, 64, 100], [144, 63, 100], [144, 63, 100], [144, 64, 100], [144, 63, 100], [144, 63, 100], [144, 64, 100], [144, 63, 100], [144, 63, 100], [144, 64, 100], [144, 63, 100], [144, 63, 100], [144, 64, 100], [144, 63, 100], [144, 63, 100], [144, 64, 100], [144, 63, 100], [144, 63, 100], [144, 64, 100], [144, 63, 100], [144, 63, 100], [144, 64, 100], [144, 63, 100], [144, 63, 100], [144, 64, 100], [144, 63, 100], [144, 63, 100], [144, 64, 100], [144, 63, 100], [144, 63, 100], [144, 64, 100], [144, 63, 100], [144, 63, 100], [144, 64, 100], [144, 63, 100], [144, 63, 100], [144, 64, 100], [144, 63, 100], [144, 63, 100], [144, 64, 100], [144, 63, 100], [144, 63, 100], [144, 64, 100], [144, 63, 100], [144, 63, 100], [144, 64, 100], [144, 63, 100], [144, 63, 100], [144, 64, 100], [144, 63, 100], [144, 63, 100], [144, 64, 100], [144, 63, 100], [144, 63, 100], [144, 64, 100], [144, 63, 100], [144, 63, 100], [144, 64, 100], [144, 63, 100], [144, 63, 100], [144, 64, 100], [144, 63, 100], [144, 63, 100], [144, 64, 100], [144, 63, 100], [144, 63, 100], [144, 64, 100], [144, 63, 100], [144, 63, 100], [144, 64, 100], [144, 63, 100], [144, 63, 100], [144, 64, 100], [144, 63, 100], [144, 63, 100], [144, 64, 100], [144, 63, 100], [144, 63, 100], [144, 64, 100], [144, 63, 100], [144, 63, 100], [144, 64, 100], [144, 63, 100], [144, 63, 100], [144, 64, 100], [144, 63, 100], [144, 63, 100], [144, 64, 100], [144, 63, 100], [144, 63, 100], [144, 64, 100], [144, 63, 100], [144, 63, 100], [144, 64, 100], [144, 63, 100], [144, 63, 100], [144, 64, 100], [144, 63, 100], [144, 63, 100], [144, 64, 100], [144, 63, 100], [144, 63, 100], [144, 64, 100], [144, 63, 100], [144, 63, 100], [144, 64, 100], [144, 63, 100], [144, 63, 100], [144, 64, 100], [144, 63, 100], [144, 63, 100], [144, 64, 100], [144, 63, 100], [144, 63, 100], [144, 64, 100], [144, 63, 100], [144, 63, 100], [144, 64, 100], [144, 63, 100], [144, 63, 100], [144, 64, 100], [144, 63, 100], [144, 63, 100], [144, 64, 100], [144, 63, 100], [144, 63, 100], [144, 64, 100], [144, 63, 100], [144, 63, 100], [144, 64, 100], [144, 63, 100], [144, 63, 100], [144, 64, 100], [144, 63, 100], [144, 63, 100], [144, 64, 100], [144, 63, 100], [144, 63, 100], [144, 64, 100], [144, 63, 100], [144, 63, 100], [144, 64, 100], [144, 63, 100], [144, 63, 100], [144, 64, 100], [144, 63, 100], [144, 63, 100], [144, 64, 100], [144, 63, 100], [144, 63, 100], [144, 64, 100], [144, 63, 100], [144, 63, 100], [144, 64, 100], [144, 63, 100], [144, 63, 100], [144, 64, 100], [144, 63, 100], [144, 63, 100], [144, 64, 100], [144, 63, 100], [144, 63, 100], [144, 64, 100], [144, 63, 100], [144, 63, 100], [144, 64, 100], [144, 63, 100], [144, 63, 100], [144, 64, 100], [144, 63, 100], [144, 63, 100], [144, 64, 100], [144, 63, 100], [144, 63, 100], [144, 64, 100], [144, 63, 100], [144, 63, 100], [144, 64, 100], [144, 63, 100], [144, 63, 100], [144, 64, 100], [144, 63, 100], [144, 63, 100], [144, 64, 100], [144, 63, 100], [144, 63, 100], [144, 64, 100], [144, 63, 100], [144, 63, 100], [144, 64, 100], [144, 63, 100], [144, 63, 100], [144, 64, 100], [144, 63, 100], [144, 63, 100], [144, 64, 100], [144, 63, 100], [144, 63, 100], [144, 64, 100], [144, 63, 100], [144, 63, 100], [144, 64, 100], [144, 63, 100], [144, 63, 100], [144, 64, 100], [144, 63, 100], [144, 63, 100], [144, 64, 100], [144, 63, 100], [144, 63, 100], [144, 64, 100], [144, 63, 100], [144, 63, 100], [144, 64, 100], [144, 63, 100], [144, 63, 100], [144, 64, 100], [144, 63, 100], [144, 63, 100], [144, 64, 100], [144, 63, 100], [144, 63, 100], [144, 64, 100], [144, 63, 100], [144, 63, 100], [144, 64, 100], [144, 63, 100], [144, 63, 100], [144, 64, 100], [144, 63, 100], [144, 63, 100], [144, 64, 100], [144, 63, 100], [144, 63, 100], [144, 64, 100], [144, 63, 100], [144, 63, 100], [144, 64, 100], [144, 63, 100], [144, 63, 100], [144, 64, 100], [144, 63, 100], [144, 63, 100], [144, 64, 100], [144, 63, 100], [144, 63, 100], [144, 64, 100], [144, 63, 100], [144, 63, 100], [144, 64, 100], [144, 63, 100], [144, 63, 100], [144, 64, 100], [144, 63, 100], [144, 63, 100], [144, 64, 100], [144, 63, 100], [144, 63, 100], [144, 64, 100], [144, 63, 100], [144, 63, 100], [144, 64, 100], [144, 63, 100], [144, 63, 100], [144, 64, 100], [144, 63, 100], [144, 63, 100], [144, 64, 100], [144, 63, 100], [144, 63, 100], [144, 64, 100], [144, 63, 100], [144, 63, 100], [144, 64, 100], [144, 63, 100], [144, 63, 100], [144, 64, 100], [144, 63, 100], [144, 63, 100], [144, 64, 100], [144, 63, 100], [144, 63, 100], [144, 64, 100], [144, 63, 100], [144, 63, 100], [144, 64, 100], [144, 63, 100], [144, 63, 100], [144, 64, 100], [144, 63, 100], [144, 63, 100], [144, 64, 100], [144, 63, 100], [144, 63, 100], [144, 64, 100], [144, 63, 100], [144, 63, 100], [144, 64, 100], [144, 63, 100], [144, 63, 100], [144, 64, 100], [144, 63, 100], [144, 63, 100], [144, 64, 100], [144, 63, 100], [144, 63, 100], [144, 64, 100], [144, 63, 100], [144, 63, 100], [144, 64, 100], [144, 63, 100], [144, 63, 100], [144, 64, 100], [144, 63, 100], [144, 63, 100], [144, 64, 100], [144, 63, 100], [144, 63, 100], [144, 64, 100], [144, 63, 100], [144, 63, 100], [144, 64, 100], [144, 63, 100], [144, 63, 100], [144, 64, 100], [144, 63, 100], [144, 63, 100], [144, 64, 100], [144, 63, 100], [144, 63, 100], [144, 64, 100], [144, 63, 100], [144, 63, 100], [144, 64, 100], [144, 63, 100], [144, 63, 100], [144, 64, 100], [144, 63, 100], [144, 63, 100], [144, 64, 100], [144, 63, 100], [144, 63, 100], [144, 64, 100], [144, 63, 100], [144, 63, 100], [144, 64, 100], [144, 63, 100], [144, 63, 100], [144, 64, 100], [144, 63, 100], [144, 63, 100], [144, 64, 100], [144, 63, 100], [144, 63, 100], [144, 64, 100], [144, 63, 100], [144, 63, 100], [144, 64, 100], [144, 63, 100], [144, 63, 100], [144, 64, 100], [144, 63, 100], [144, 63, 100], [144, 64, 100], [144, 63, 100], [144, 63, 100], [144, 64, 100], [144, 63, 100], [144, 63, 100], [144, 64, 100], [144, 63, 100], [144, 63, 100], [144, 64, 100], [144, 63, 100], [144, 63, 100], [144, 64, 100], [144, 63, 100], [144, 63, 100], [144, 64, 100], [144, 63, 100], [144, 63, 100], [144, 64, 100], [144, 63, 100], [144, 63, 100], [144, 64, 100], [144, 63, 100], [144, 63, 100], [144, 64, 100], [144, 63, 100], [144, 63, 100], [144, 64, 100], [144, 63, 100], [144, 63, 100], [144, 64, 100], [144, 63, 100], [144, 63, 100], [144, 64, 100], [144, 63, 100], [144, 63, 100], [144, 64, 100], [144, 63, 100], [144, 63, 100], [144, 64, 100], [144, 63, 100], [144, 63, 100], [144, 64, 100], [144, 63, 100], [144, 63, 100], [144, 64, 100], [144, 63, 100], [144, 63, 100], [144, 64, 100], [144, 63, 100], [144, 63, 100], [144, 64, 100], [144, 63, 100], [144, 63, 100], [144, 64, 100], [144, 63, 100], [144, 63, 100], [144, 64, 100], [144, 63, 100], [144, 63, 100], [144, 64, 100], [144, 63, 100], [144, 63, 100], [144, 64, 100], [144, 63, 100], [144, 63, 100], [144, 64, 100], [144, 63, 100], [144, 63, 100], [144, 64, 100], [144, 63, 100], [144, 63, 100], [144, 64, 100], [144, 63, 100], [144, 63, 100], [144, 64, 100], [144, 63, 100], [144, 63, 100], [144, 64, 100], [144, 63, 100], [144, 63, 100], [144, 64, 100], [144, 63, 100], [144, 63, 100], [144, 64, 100], [144, 63, 100], [144, 63, 100], [144, 64, 100], [144, 63, 100], [144, 63, 100], [144, 64, 100], [144, 63, 100], [144, 63, 100], [144, 64, 100], [144, 63, 100], [144, 63, 100], [144, 64, 100], [144, 63, 100], [144, 63, 100], [144, 64, 100], [144, 63, 100], [144, 63, 100], [144, 64, 100], [144, 63, 100], [144, 63, 100], [144, 64, 100], [144, 63, 100], [144, 63, 100], [144, 64, 100], [144, 63, 100], [144, 63, 100], [144, 64, 100], [144, 63, 100], [144, 63, 100], [144, 64, 100], [144, 63, 100], [144, 63, 100], [144, 64, 100], [144, 63, 100], [144, 63, 100], [144, 64, 100], [144, 63, 100], [144, 63, 100], [144, 64, 100], [144, 63, 100], [144, 63, 100], [144, 64, 100], [144, 63, 100], [144, 63, 100], [144, 64, 100], [144, 63, 100], [144, 63, 100], [144, 64, 100], [144, 63, 100], [144, 63, 100], [144, 64, 100], [144, 63, 100], [144, 63, 100], [144, 64, 100], [144, 63, 100], [144, 63, 100], [144, 64, 100], [144, 63, 100], [144, 63, 100], [144, 64, 100], [144, 63, 100], [144, 63, 100], [144, 64, 100], [144, 63, 100], [144, 63, 100], [144, 64, 100], [144, 63, 100], [144, 63, 100], [144, 64, 100], [144, 63, 100], [144, 63, 100], [144, 64, 100], [144, 63, 100], [144, 63, 100], [144, 64, 100], [144, 63, 100], [144, 63, 100], [144, 64, 100], [144, 63, 100], [144, 63, 100], [144, 64, 100], [144, 63, 100], [144, 63, 100], [144, 64, 100], [144, 63, 100], [144, 63, 100], [144, 64, 100], [144, 63, 100], [144, 63, 100], [144, 64, 100], [144, 63, 100], [144, 63, 100], [144, 64, 100], [144, 63, 100], [144, 63, 100], [144, 64, 100], [144, 63, 100], [144, 63, 100], [144, 64, 100], [144, 63, 100], [144, 63, 100], [144, 64, 100], [144, 63, 100], [144, 63, 100], [144, 64, 100], [144, 63, 100], [144, 63, 100], [144, 64, 100], [144, 63, 100], [144, 63, 100], [144, 64, 100], [144, 63, 100], [144, 63, 100], [144, 64, 100], [144, 63, 100], [144, 63, 100], [144, 64, 100], [144, 63, 100], [144, 63, 100], [144, 64, 100], [144, 63, 100], [144, 63, 100], [144, 64, 100], [144, 63, 100], [144, 63, 100], [144, 64, 100], [144, 63, 100], [144, 63, 100], [144, 64, 100], [144, 63, 100], [144, 63, 100], [144, 64, 100], [144, 63, 100], [144, 63, 100], [144, 64, 100], [144, 63, 100], [144, 52, 100], [144, 40, 100], [144, 68, 100], [144, 64, 100], [144, 68, 100], [144, 73, 100], [144, 40, 100], [144, 46, 100], [144, 52, 100], [144, 40, 100], [144, 68, 100], [144, 64, 100], [144, 68, 100], [144, 73, 100], [144, 40, 100], [144, 46, 100], [144, 52, 100], [144, 40, 100], [144, 68, 100], [144, 64, 100], [144, 68, 100], [144, 73, 100], [144, 40, 100], [144, 46, 100], [144, 64, 100], [144, 52, 100], [144, 61, 100], [144, 56, 100], [144, 56, 100], [144, 63, 100], [144, 54, 100], [144, 52, 100], [144, 52, 100], [144, 52, 100], [144, 56, 100], [144, 52, 100], [144, 56, 100], [144, 61, 100], [144, 52, 100], [144, 58, 100], [144, 52, 100], [144, 52, 100], [144, 56, 100], [144, 52, 100], [144, 56, 100], [144, 61, 100], [144, 52, 100], [144, 58, 100], [144, 52, 100], [144, 52, 100], [144, 56, 100], [144, 52, 100], [144, 56, 100], [144, 61, 100], [144, 52, 100], [144, 58, 100], [144, 40, 100], [144, 40, 100], [144, 44, 100], [144, 40, 100], [144, 44, 100], [144, 49, 100], [144, 40, 100], [144, 70, 100]]"
[2018-04-08 00:29:21.839723]: "Sequence set to: [[144, 63, 100], [144, 56, 100], [144, 59, 100], [144, 63, 100], [144, 56, 100], [144, 59, 100], [144, 63, 100], [144, 56, 100], [144, 59, 100], [144, 63, 100], [144, 56, 100], [144, 59, 100], [144, 63, 100], [144, 56, 100], [144, 59, 100], [144, 63, 100], [144, 56, 100], [144, 59, 100], [144, 63, 100], [144, 56, 100], [144, 59, 100], [144, 63, 100], [144, 56, 100], [144, 59, 100], [144, 63, 100], [144, 56, 100], [144, 59, 100], [144, 63, 100], [144, 56, 100], [144, 59, 100], [144, 63, 100], [144, 56, 100], [144, 59, 100], [144, 63, 100], [144, 56, 100], [144, 59, 100], [144, 63, 100], [144, 56, 100], [144, 59, 100], [144, 63, 100], [144, 56, 100], [144, 59, 100], [144, 63, 100], [144, 56, 100], [144, 59, 100], [144, 63, 100], [144, 56, 100], [144, 59, 100], [144, 63, 100], [144, 56, 100], [144, 59, 100], [144, 63, 100], [144, 56, 100], [144, 59, 100], [144, 63, 100], [144, 56, 100], [144, 59, 100], [144, 63, 100], [144, 56, 100], [144, 59, 100], [144, 63, 100], [144, 56, 100], [144, 59, 100], [144, 63, 100], [144, 56, 100], [144, 59, 100], [144, 63, 100], [144, 56, 100], [144, 59, 100], [144, 63, 100], [144, 56, 100], [144, 59, 100], [144, 63, 100], [144, 56, 100], [144, 59, 100], [144, 63, 100], [144, 56, 100], [144, 59, 100], [144, 63, 100], [144, 56, 100], [144, 59, 100], [144, 63, 100], [144, 56, 100], [144, 59, 100], [144, 63, 100], [144, 56, 100], [144, 59, 100], [144, 63, 100], [144, 56, 100], [144, 59, 100], [144, 63, 100], [144, 56, 100], [144, 59, 100], [144, 63, 100], [144, 56, 100], [144, 59, 100], [144, 63, 100], [144, 56, 100], [144, 59, 100], [144, 63, 100], [144, 56, 100], [144, 59, 100], [144, 63, 100], [144, 56, 100], [144, 59, 100], [144, 63, 100], [144, 56, 100], [144, 59, 100], [144, 63, 100], [144, 56, 100], [144, 59, 100], [144, 63, 100], [144, 56, 100], [144, 59, 100], [144, 63, 100], [144, 56, 100], [144, 59, 100], [144, 63, 100], [144, 56, 100], [144, 59, 100], [144, 63, 100], [144, 56, 100], [144, 59, 100], [144, 63, 100], [144, 56, 100], [144, 59, 100], [144, 63, 100], [144, 56, 100], [144, 59, 100], [144, 63, 100], [144, 56, 100], [144, 59, 100], [144, 63, 100], [144, 56, 100], [144, 59, 100], [144, 63, 100], [144, 56, 100], [144, 59, 100], [144, 63, 100], [144, 56, 100], [144, 59, 100], [144, 63, 100], [144, 56, 100], [144, 59, 100], [144, 63, 100], [144, 56, 100], [144, 59, 100], [144, 63, 100], [144, 56, 100], [144, 59, 100], [144, 63, 100], [144, 56, 100], [144, 59, 100], [144, 63, 100], [144, 56, 100], [144, 59, 100], [144, 63, 100], [144, 56, 100], [144, 59, 100], [144, 63, 100], [144, 56, 100], [144, 59, 100], [144, 63, 100], [144, 56, 100], [144, 59, 100], [144, 63, 100], [144, 56, 100], [144, 59, 100], [144, 63, 100], [144, 56, 100], [144, 59, 100], [144, 63, 100], [144, 56, 100], [144, 59, 100], [144, 63, 100], [144, 56, 100], [144, 59, 100], [144, 63, 100], [144, 56, 100], [144, 59, 100], [144, 63, 100], [144, 56, 100], [144, 59, 100], [144, 63, 100], [144, 56, 100], [144, 59, 100], [144, 63, 100], [144, 56, 100], [144, 59, 100], [144, 63, 100], [144, 56, 100], [144, 59, 100], [144, 63, 100], [144, 56, 100], [144, 59, 100], [144, 63, 100], [144, 56, 100], [144, 59, 100], [144, 63, 100], [144, 56, 100], [144, 59, 100], [144, 63, 100], [144, 56, 100], [144, 59, 100], [144, 63, 100], [144, 56, 100], [144, 59, 100], [144, 63, 100], [144, 56, 100], [144, 59, 100], [144, 63, 100], [144, 56, 100], [144, 59, 100], [144, 63, 100], [144, 56, 100], [144, 59, 100], [144, 63, 100], [144, 56, 100], [144, 59, 100], [144, 63, 100], [144, 56, 100], [144, 59, 100], [144, 63, 100], [144, 56, 100], [144, 59, 100], [144, 63, 100], [144, 56, 100], [144, 59, 100], [144, 63, 100], [144, 56, 100], [144, 59, 100], [144, 63, 100], [144, 56, 100], [144, 59, 100], [144, 63, 100], [144, 56, 100], [144, 59, 100], [144, 63, 100], [144, 56, 100], [144, 59, 100], [144, 63, 100], [144, 56, 100], [144, 59, 100], [144, 63, 100], [144, 56, 100], [144, 59, 100], [144, 63, 100], [144, 56, 100], [144, 59, 100], [144, 63, 100], [144, 56, 100], [144, 59, 100], [144, 63, 100], [144, 56, 100], [144, 59, 100], [144, 63, 100], [144, 56, 100], [144, 59, 100], [144, 63, 100], [144, 56, 100], [144, 59, 100], [144, 63, 100], [144, 56, 100], [144, 59, 100], [144, 63, 100], [144, 56, 100], [144, 59, 100], [144, 63, 100], [144, 56, 100], [144, 59, 100], [144, 63, 100], [144, 56, 100], [144, 59, 100], [144, 63, 100], [144, 56, 100], [144, 59, 100], [144, 63, 100], [144, 56, 100], [144, 59, 100], [144, 63, 100], [144, 56, 100], [144, 59, 100], [144, 63, 100], [144, 56, 100], [144, 59, 100], [144, 63, 100], [144, 56, 100], [144, 59, 100], [144, 63, 100], [144, 56, 100], [144, 59, 100], [144, 63, 100], [144, 56, 100], [144, 59, 100], [144, 63, 100], [144, 56, 100], [144, 59, 100], [144, 63, 100], [144, 56, 100], [144, 59, 100], [144, 63, 100], [144, 56, 100], [144, 59, 100], [144, 63, 100], [144, 56, 100], [144, 59, 100], [144, 63, 100], [144, 56, 100], [144, 59, 100], [144, 63, 100], [144, 56, 100], [144, 59, 100], [144, 63, 100], [144, 56, 100], [144, 59, 100], [144, 63, 100], [144, 56, 100], [144, 59, 100], [144, 63, 100], [144, 56, 100], [144, 59, 100], [144, 63, 100], [144, 56, 100], [144, 59, 100], [144, 63, 100], [144, 56, 100], [144, 59, 100], [144, 63, 100], [144, 56, 100], [144, 59, 100], [144, 63, 100], [144, 56, 100], [144, 59, 100], [144, 63, 100], [144, 56, 100], [144, 59, 100], [144, 63, 100], [144, 56, 100], [144, 59, 100], [144, 63, 100], [144, 56, 100], [144, 59, 100], [144, 63, 100], [144, 56, 100], [144, 59, 100], [144, 63, 100], [144, 56, 100], [144, 59, 100], [144, 63, 100], [144, 56, 100], [144, 59, 100], [144, 63, 100], [144, 56, 100], [144, 59, 100], [144, 63, 100], [144, 56, 100], [144, 59, 100], [144, 63, 100], [144, 56, 100], [144, 59, 100], [144, 63, 100], [144, 56, 100], [144, 59, 100], [144, 63, 100], [144, 56, 100], [144, 59, 100], [144, 63, 100], [144, 56, 100], [144, 59, 100], [144, 63, 100], [144, 56, 100], [144, 59, 100], [144, 63, 100], [144, 56, 100], [144, 59, 100], [144, 63, 100], [144, 56, 100], [144, 59, 100], [144, 63, 100], [144, 56, 100], [144, 59, 100], [144, 63, 100], [144, 56, 100], [144, 59, 100], [144, 63, 100], [144, 56, 100], [144, 59, 100], [144, 63, 100], [144, 56, 100], [144, 59, 100], [144, 63, 100], [144, 56, 100], [144, 59, 100], [144, 63, 100], [144, 56, 100], [144, 59, 100], [144, 63, 100], [144, 56, 100], [144, 59, 100], [144, 63, 100], [144, 56, 100], [144, 59, 100], [144, 63, 100], [144, 56, 100], [144, 59, 100], [144, 63, 100], [144, 56, 100], [144, 59, 100], [144, 63, 100], [144, 56, 100], [144, 59, 100], [144, 63, 100], [144, 56, 100], [144, 59, 100], [144, 63, 100], [144, 56, 100], [144, 59, 100], [144, 63, 100], [144, 56, 100], [144, 59, 100], [144, 63, 100], [144, 56, 100], [144, 59, 100], [144, 63, 100], [144, 56, 100], [144, 59, 100], [144, 63, 100], [144, 56, 100], [144, 59, 100], [144, 63, 100], [144, 56, 100], [144, 59, 100], [144, 63, 100], [144, 56, 100], [144, 59, 100], [144, 63, 100], [144, 56, 100], [144, 59, 100], [144, 63, 100], [144, 56, 100], [144, 59, 100], [144, 63, 100], [144, 56, 100], [144, 59, 100], [144, 63, 100], [144, 56, 100], [144, 59, 100], [144, 63, 100], [144, 56, 100], [144, 59, 100], [144, 63, 100], [144, 56, 100], [144, 59, 100], [144, 63, 100], [144, 56, 100], [144, 59, 100], [144, 63, 100], [144, 56, 100], [144, 59, 100], [144, 63, 100], [144, 56, 100], [144, 59, 100], [144, 63, 100], [144, 56, 100], [144, 59, 100], [144, 63, 100], [144, 56, 100], [144, 59, 100], [144, 63, 100], [144, 56, 100], [144, 59, 100], [144, 63, 100], [144, 56, 100], [144, 59, 100], [144, 63, 100], [144, 56, 100], [144, 59, 100], [144, 63, 100], [144, 56, 100], [144, 59, 100], [144, 63, 100], [144, 56, 100], [144, 59, 100], [144, 63, 100], [144, 56, 100], [144, 59, 100], [144, 63, 100], [144, 56, 100], [144, 59, 100], [144, 63, 100], [144, 56, 100], [144, 59, 100], [144, 63, 100], [144, 56, 100], [144, 59, 100], [144, 63, 100], [144, 56, 100], [144, 59, 100], [144, 63, 100], [144, 56, 100], [144, 59, 100], [144, 63, 100], [144, 56, 100], [144, 59, 100], [144, 63, 100], [144, 56, 100], [144, 59, 100], [144, 63, 100], [144, 56, 100], [144, 59, 100], [144, 63, 100], [144, 56, 100], [144, 59, 100], [144, 63, 100], [144, 56, 100], [144, 59, 100], [144, 63, 100], [144, 56, 100], [144, 59, 100], [144, 63, 100], [144, 56, 100], [144, 59, 100], [144, 63, 100], [144, 56, 100], [144, 59, 100], [144, 63, 100], [144, 56, 100], [144, 59, 100], [144, 63, 100], [144, 56, 100], [144, 59, 100], [144, 63, 100], [144, 56, 100], [144, 59, 100], [144, 63, 100], [144, 56, 100], [144, 59, 100], [144, 63, 100], [144, 56, 100], [144, 59, 100], [144, 63, 100], [144, 56, 100], [144, 59, 100], [144, 63, 100], [144, 56, 100], [144, 59, 100], [144, 63, 100], [144, 56, 100], [144, 59, 100], [144, 63, 100], [144, 56, 100], [144, 59, 100], [144, 63, 100], [144, 56, 100], [144, 59, 100], [144, 63, 100], [144, 56, 100], [144, 59, 100], [144, 63, 100], [144, 56, 100], [144, 59, 100], [144, 63, 100], [144, 56, 100], [144, 59, 100], [144, 63, 100], [144, 56, 100], [144, 59, 100], [144, 63, 100], [144, 56, 100], [144, 59, 100], [144, 63, 100], [144, 56, 100], [144, 59, 100], [144, 63, 100], [144, 56, 100], [144, 59, 100], [144, 63, 100], [144, 56, 100], [144, 59, 100], [144, 63, 100], [144, 56, 100], [144, 59, 100], [144, 63, 100], [144, 56, 100], [144, 59, 100], [144, 63, 100], [144, 56, 100], [144, 59, 100], [144, 63, 100], [144, 56, 100], [144, 59, 100], [144, 63, 100], [144, 56, 100], [144, 59, 100], [144, 63, 100], [144, 56, 100], [144, 59, 100], [144, 63, 100], [144, 56, 100], [144, 59, 100], [144, 64, 100], [144, 40, 100], [144, 44, 100], [144, 52, 100], [144, 68, 100], [144, 49, 100], [144, 52, 100], [144, 70, 100], [144, 64, 100], [144, 40, 100], [144, 44, 100], [144, 52, 100], [144, 68, 100], [144, 49, 100], [144, 52, 100], [144, 70, 100], [144, 64, 100], [144, 40, 100], [144, 44, 100], [144, 52, 100], [144, 68, 100], [144, 49, 100], [144, 52, 100], [144, 70, 100], [144, 54, 100], [144, 52, 100], [144, 61, 100], [144, 52, 100], [144, 56, 100], [144, 66, 100], [144, 54, 100], [144, 52, 100], [144, 52, 100], [144, 52, 100], [144, 56, 100], [144, 52, 100], [144, 56, 100], [144, 61, 100], [144, 52, 100], [144, 58, 100], [144, 52, 100], [144, 52, 100], [144, 56, 100], [144, 52, 100], [144, 56, 100], [144, 61, 100], [144, 52, 100], [144, 58, 100], [144, 52, 100], [144, 52, 100], [144, 56, 100], [144, 52, 100], [144, 56, 100], [144, 61, 100], [144, 52, 100], [144, 58, 100], [144, 52, 100], [144, 64, 100], [144, 68, 100], [144, 64, 100], [144, 56, 100], [144, 61, 100], [144, 52, 100], [144, 58, 100]]"
[2018-04-08 00:29:26.639123]: "Sequence set to: [[144, 54, 100], [144, 64, 100], [144, 61, 100], [144, 54, 100], [144, 64, 100], [144, 61, 100], [144, 54, 100], [144, 64, 100], [144, 61, 100], [144, 54, 100], [144, 64, 100], [144, 61, 100], [144, 54, 100], [144, 64, 100], [144, 61, 100], [144, 54, 100], [144, 64, 100], [144, 61, 100], [144, 54, 100], [144, 64, 100], [144, 61, 100], [144, 54, 100], [144, 64, 100], [144, 61, 100], [144, 54, 100], [144, 64, 100], [144, 61, 100], [144, 54, 100], [144, 64, 100], [144, 61, 100], [144, 54, 100], [144, 64, 100], [144, 61, 100], [144, 54, 100], [144, 64, 100], [144, 61, 100], [144, 54, 100], [144, 64, 100], [144, 61, 100], [144, 54, 100], [144, 64, 100], [144, 61, 100], [144, 54, 100], [144, 64, 100], [144, 61, 100], [144, 54, 100], [144, 64, 100], [144, 61, 100], [144, 54, 100], [144, 64, 100], [144, 61, 100], [144, 54, 100], [144, 64, 100], [144, 61, 100], [144, 54, 100], [144, 64, 100], [144, 61, 100], [144, 54, 100], [144, 64, 100], [144, 61, 100], [144, 54, 100], [144, 64, 100], [144, 61, 100], [144, 54, 100], [144, 64, 100], [144, 61, 100], [144, 54, 100], [144, 64, 100], [144, 61, 100], [144, 54, 100], [144, 64, 100], [144, 61, 100], [144, 54, 100], [144, 64, 100], [144, 61, 100], [144, 54, 100], [144, 64, 100], [144, 61, 100], [144, 54, 100], [144, 64, 100], [144, 61, 100], [144, 54, 100], [144, 64, 100], [144, 61, 100], [144, 54, 100], [144, 64, 100], [144, 61, 100], [144, 54, 100], [144, 64, 100], [144, 61, 100], [144, 54, 100], [144, 64, 100], [144, 61, 100], [144, 54, 100], [144, 64, 100], [144, 61, 100], [144, 54, 100], [144, 64, 100], [144, 61, 100], [144, 54, 100], [144, 64, 100], [144, 61, 100], [144, 54, 100], [144, 64, 100], [144, 61, 100], [144, 54, 100], [144, 64, 100], [144, 61, 100], [144, 54, 100], [144, 64, 100], [144, 61, 100], [144, 54, 100], [144, 64, 100], [144, 61, 100], [144, 54, 100], [144, 64, 100], [144, 61, 100], [144, 54, 100], [144, 64, 100], [144, 61, 100], [144, 54, 100], [144, 64, 100], [144, 61, 100], [144, 54, 100], [144, 64, 100], [144, 61, 100], [144, 54, 100], [144, 64, 100], [144, 61, 100], [144, 54, 100], [144, 64, 100], [144, 61, 100], [144, 54, 100], [144, 64, 100], [144, 61, 100], [144, 54, 100], [144, 64, 100], [144, 61, 100], [144, 54, 100], [144, 64, 100], [144, 61, 100], [144, 54, 100], [144, 64, 100], [144, 61, 100], [144, 54, 100], [144, 64, 100], [144, 61, 100], [144, 54, 100], [144, 64, 100], [144, 61, 100], [144, 54, 100], [144, 64, 100], [144, 61, 100], [144, 54, 100], [144, 64, 100], [144, 61, 100], [144, 54, 100], [144, 64, 100], [144, 61, 100], [144, 54, 100], [144, 64, 100], [144, 61, 100], [144, 54, 100], [144, 64, 100], [144, 61, 100], [144, 54, 100], [144, 64, 100], [144, 61, 100], [144, 54, 100], [144, 64, 100], [144, 61, 100], [144, 54, 100], [144, 64, 100], [144, 61, 100], [144, 54, 100], [144, 64, 100], [144, 61, 100], [144, 54, 100], [144, 64, 100], [144, 61, 100], [144, 54, 100], [144, 64, 100], [144, 61, 100], [144, 54, 100], [144, 64, 100], [144, 61, 100], [144, 54, 100], [144, 64, 100], [144, 61, 100], [144, 54, 100], [144, 64, 100], [144, 61, 100], [144, 54, 100], [144, 64, 100], [144, 61, 100], [144, 54, 100], [144, 64, 100], [144, 61, 100], [144, 54, 100], [144, 64, 100], [144, 61, 100], [144, 54, 100], [144, 64, 100], [144, 61, 100], [144, 54, 100], [144, 64, 100], [144, 61, 100], [144, 54, 100], [144, 64, 100], [144, 61, 100], [144, 54, 100], [144, 64, 100], [144, 61, 100], [144, 54, 100], [144, 64, 100], [144, 61, 100], [144, 54, 100], [144, 64, 100], [144, 61, 100], [144, 54, 100], [144, 64, 100], [144, 61, 100], [144, 54, 100], [144, 64, 100], [144, 61, 100], [144, 54, 100], [144, 64, 100], [144, 61, 100], [144, 54, 100], [144, 64, 100], [144, 61, 100], [144, 54, 100], [144, 64, 100], [144, 61, 100], [144, 54, 100], [144, 64, 100], [144, 61, 100], [144, 54, 100], [144, 64, 100], [144, 61, 100], [144, 54, 100], [144, 64, 100], [144, 61, 100], [144, 54, 100], [144, 64, 100], [144, 61, 100], [144, 54, 100], [144, 64, 100], [144, 61, 100], [144, 54, 100], [144, 64, 100], [144, 61, 100], [144, 54, 100], [144, 64, 100], [144, 61, 100], [144, 54, 100], [144, 64, 100], [144, 61, 100], [144, 54, 100], [144, 64, 100], [144, 61, 100], [144, 54, 100], [144, 64, 100], [144, 61, 100], [144, 54, 100], [144, 64, 100], [144, 61, 100], [144, 54, 100], [144, 64, 100], [144, 61, 100], [144, 54, 100], [144, 64, 100], [144, 61, 100], [144, 54, 100], [144, 64, 100], [144, 61, 100], [144, 54, 100], [144, 64, 100], [144, 61, 100], [144, 54, 100], [144, 64, 100], [144, 61, 100], [144, 54, 100], [144, 64, 100], [144, 61, 100], [144, 54, 100], [144, 64, 100], [144, 61, 100], [144, 54, 100], [144, 64, 100], [144, 61, 100], [144, 54, 100], [144, 64, 100], [144, 61, 100], [144, 54, 100], [144, 64, 100], [144, 61, 100], [144, 54, 100], [144, 64, 100], [144, 61, 100], [144, 54, 100], [144, 64, 100], [144, 61, 100], [144, 54, 100], [144, 64, 100], [144, 61, 100], [144, 54, 100], [144, 64, 100], [144, 61, 100], [144, 54, 100], [144, 64, 100], [144, 61, 100], [144, 54, 100], [144, 64, 100], [144, 61, 100], [144, 54, 100], [144, 64, 100], [144, 61, 100], [144, 54, 100], [144, 64, 100], [144, 61, 100], [144, 54, 100], [144, 64, 100], [144, 61, 100], [144, 54, 100], [144, 64, 100], [144, 61, 100], [144, 54, 100], [144, 64, 100], [144, 61, 100], [144, 54, 100], [144, 64, 100], [144, 61, 100], [144, 54, 100], [144, 64, 100], [144, 61, 100], [144, 54, 100], [144, 64, 100], [144, 61, 100], [144, 54, 100], [144, 64, 100], [144, 61, 100], [144, 54, 100], [144, 64, 100], [144, 61, 100], [144, 54, 100], [144, 64, 100], [144, 61, 100], [144, 54, 100], [144, 64, 100], [144, 61, 100], [144, 54, 100], [144, 64, 100], [144, 61, 100], [144, 54, 100], [144, 64, 100], [144, 61, 100], [144, 54, 100], [144, 64, 100], [144, 61, 100], [144, 54, 100], [144, 64, 100], [144, 61, 100], [144, 54, 100], [144, 64, 100], [144, 61, 100], [144, 54, 100], [144, 64, 100], [144, 61, 100], [144, 54, 100], [144, 64, 100], [144, 61, 100], [144, 54, 100], [144, 64, 100], [144, 61, 100], [144, 54, 100], [144, 64, 100], [144, 61, 100], [144, 54, 100], [144, 64, 100], [144, 61, 100], [144, 54, 100], [144, 64, 100], [144, 61, 100], [144, 54, 100], [144, 64, 100], [144, 61, 100], [144, 54, 100], [144, 64, 100], [144, 61, 100], [144, 54, 100], [144, 64, 100], [144, 61, 100], [144, 54, 100], [144, 64, 100], [144, 61, 100], [144, 54, 100], [144, 64, 100], [144, 61, 100], [144, 54, 100], [144, 64, 100], [144, 61, 100], [144, 54, 100], [144, 64, 100], [144, 61, 100], [144, 54, 100], [144, 64, 100], [144, 61, 100], [144, 54, 100], [144, 64, 100], [144, 61, 100], [144, 54, 100], [144, 64, 100], [144, 61, 100], [144, 54, 100], [144, 64, 100], [144, 61, 100], [144, 54, 100], [144, 64, 100], [144, 61, 100], [144, 54, 100], [144, 64, 100], [144, 61, 100], [144, 54, 100], [144, 64, 100], [144, 61, 100], [144, 54, 100], [144, 64, 100], [144, 61, 100], [144, 54, 100], [144, 64, 100], [144, 61, 100], [144, 54, 100], [144, 64, 100], [144, 61, 100], [144, 54, 100], [144, 64, 100], [144, 61, 100], [144, 54, 100], [144, 64, 100], [144, 61, 100], [144, 54, 100], [144, 64, 100], [144, 61, 100], [144, 54, 100], [144, 64, 100], [144, 61, 100], [144, 54, 100], [144, 64, 100], [144, 61, 100], [144, 54, 100], [144, 64, 100], [144, 61, 100], [144, 54, 100], [144, 64, 100], [144, 61, 100], [144, 54, 100], [144, 64, 100], [144, 61, 100], [144, 54, 100], [144, 64, 100], [144, 61, 100], [144, 54, 100], [144, 64, 100], [144, 61, 100], [144, 54, 100], [144, 64, 100], [144, 61, 100], [144, 54, 100], [144, 64, 100], [144, 61, 100], [144, 54, 100], [144, 64, 100], [144, 61, 100], [144, 54, 100], [144, 64, 100], [144, 61, 100], [144, 54, 100], [144, 64, 100], [144, 61, 100], [144, 54, 100], [144, 64, 100], [144, 61, 100], [144, 54, 100], [144, 64, 100], [144, 61, 100], [144, 54, 100], [144, 64, 100], [144, 61, 100], [144, 54, 100], [144, 64, 100], [144, 61, 100], [144, 54, 100], [144, 64, 100], [144, 61, 100], [144, 54, 100], [144, 64, 100], [144, 61, 100], [144, 54, 100], [144, 64, 100], [144, 61, 100], [144, 54, 100], [144, 64, 100], [144, 61, 100], [144, 54, 100], [144, 64, 100], [144, 61, 100], [144, 54, 100], [144, 64, 100], [144, 61, 100], [144, 54, 100], [144, 64, 100], [144, 61, 100], [144, 54, 100], [144, 64, 100], [144, 61, 100], [144, 54, 100], [144, 64, 100], [144, 61, 100], [144, 54, 100], [144, 64, 100], [144, 61, 100], [144, 54, 100], [144, 64, 100], [144, 61, 100], [144, 54, 100], [144, 64, 100], [144, 61, 100], [144, 54, 100], [144, 64, 100], [144, 61, 100], [144, 54, 100], [144, 64, 100], [144, 61, 100], [144, 54, 100], [144, 64, 100], [144, 61, 100], [144, 54, 100], [144, 64, 100], [144, 61, 100], [144, 54, 100], [144, 64, 100], [144, 61, 100], [144, 54, 100], [144, 64, 100], [144, 61, 100], [144, 54, 100], [144, 64, 100], [144, 61, 100], [144, 54, 100], [144, 64, 100], [144, 61, 100], [144, 54, 100], [144, 64, 100], [144, 61, 100], [144, 54, 100], [144, 64, 100], [144, 61, 100], [144, 54, 100], [144, 64, 100], [144, 61, 100], [144, 54, 100], [144, 64, 100], [144, 61, 100], [144, 54, 100], [144, 64, 100], [144, 61, 100], [144, 54, 100], [144, 64, 100], [144, 61, 100], [144, 54, 100], [144, 64, 100], [144, 61, 100], [144, 54, 100], [144, 64, 100], [144, 61, 100], [144, 54, 100], [144, 64, 100], [144, 61, 100], [144, 54, 100], [144, 64, 100], [144, 61, 100], [144, 54, 100], [144, 64, 100], [144, 61, 100], [144, 54, 100], [144, 64, 100], [144, 61, 100], [144, 54, 100], [144, 64, 100], [144, 61, 100], [144, 54, 100], [144, 64, 100], [144, 61, 100], [144, 54, 100], [144, 64, 100], [144, 61, 100], [144, 54, 100], [144, 64, 100], [144, 61, 100], [144, 40, 100], [144, 64, 100], [144, 68, 100], [144, 52, 100], [144, 56, 100], [144, 61, 100], [144, 64, 100], [144, 70, 100], [144, 40, 100], [144, 64, 100], [144, 68, 100], [144, 52, 100], [144, 56, 100], [144, 61, 100], [144, 64, 100], [144, 70, 100], [144, 40, 100], [144, 64, 100], [144, 68, 100], [144, 52, 100], [144, 56, 100], [144, 61, 100], [144, 64, 100], [144, 70, 100], [144, 54, 100], [144, 52, 100], [144, 63, 100], [144, 61, 100], [144, 56, 100], [144, 52, 100], [144, 54, 100], [144, 64, 100], [144, 52, 100], [144, 52, 100], [144, 56, 100], [144, 52, 100], [144, 56, 100], [144, 61, 100], [144, 52, 100], [144, 58, 100], [144, 52, 100], [144, 52, 100], [144, 56, 100], [144, 52, 100], [144, 56, 100], [144, 61, 100], [144, 52, 100], [144, 58, 100], [144, 52, 100], [144, 52, 100], [144, 56, 100], [144, 52, 100], [144, 56, 100], [144, 61, 100], [144, 52, 100], [144, 58, 100], [144, 64, 100], [144, 52, 100], [144, 44, 100], [144, 40, 100], [144, 68, 100], [144, 73, 100], [144, 52, 100], [144, 46, 100]]"
[2018-04-08 00:29:36.501474]: "Poly relative: [1, 2, 3, 4, 5, 6, 7, 8, 9]"
[2018-04-08 00:29:49.076339]: "Root sequence set to: [50]"
[2018-04-08 00:29:49.145390]: "Root changed to: 50"
[2018-04-08 00:29:52.684887]: "Root sequence set to: [52]"
[2018-04-08 00:29:52.837013]: "Root changed to: 52"
[2018-04-08 00:29:57.492319]: "Root sequence set to: [49]"
[2018-04-08 00:29:57.607403]: "Root changed to: 49"
[2018-04-08 00:30:04.012949]: "Root sequence set to: [52]"
[2018-04-08 00:30:04.075000]: "Root changed to: 52"
[2018-04-08 00:30:07.101133]: "Root sequence set to: []"
[2018-04-08 00:30:12.060675]: "Root sequence set to: [49]"
[2018-04-08 00:30:12.224794]: "Root changed to: 49"
[2018-04-08 00:30:16.484813]: "Root sequence set to: [52]"
[2018-04-08 00:30:16.529838]: "Root changed to: 52"
[2018-04-08 00:30:20.916952]: "Root sequence set to: [48]"
[2018-04-08 00:30:20.986019]: "Root changed to: 48"
[2018-04-08 00:30:24.652624]: "Root sequence set to: [59]"
[2018-04-08 00:30:24.677643]: "Root changed to: 59"
[2018-04-08 00:30:28.564405]: "Root sequence set to: [57]"
[2018-04-08 00:30:28.674481]: "Root changed to: 57"
[2018-04-08 00:30:30.508793]: "Root sequence set to: [58]"
[2018-04-08 00:30:30.520796]: "Root changed to: 58"
[2018-04-08 00:30:32.036856]: "Root sequence set to: [57]"
[2018-04-08 00:30:32.057886]: "Root changed to: 57"
[2018-04-08 00:30:33.052600]: "Root sequence set to: [58]"
[2018-04-08 00:30:33.289764]: "Root changed to: 58"
[2018-04-08 00:30:34.524643]: "Root sequence set to: [57]"
[2018-04-08 00:30:34.671743]: "Root changed to: 57"
[2018-04-08 00:30:37.340643]: "Root sequence set to: [53]"
[2018-04-08 00:30:37.441715]: "Root changed to: 53"
[2018-04-08 00:30:38.149199]: "Root sequence set to: [52]"
[2018-04-08 00:30:38.211260]: "Root changed to: 52"
[2018-04-08 00:30:45.735591]: "Sequence set to: [[144, 66, 100], [144, 59, 100], [144, 64, 100], [144, 66, 100], [144, 59, 100], [144, 64, 100], [144, 66, 100], [144, 59, 100], [144, 64, 100], [144, 66, 100], [144, 59, 100], [144, 64, 100], [144, 66, 100], [144, 59, 100], [144, 64, 100], [144, 66, 100], [144, 59, 100], [144, 64, 100], [144, 66, 100], [144, 59, 100], [144, 64, 100], [144, 66, 100], [144, 59, 100], [144, 64, 100], [144, 66, 100], [144, 59, 100], [144, 64, 100], [144, 66, 100], [144, 59, 100], [144, 64, 100], [144, 66, 100], [144, 59, 100], [144, 64, 100], [144, 66, 100], [144, 59, 100], [144, 64, 100], [144, 66, 100], [144, 59, 100], [144, 64, 100], [144, 66, 100], [144, 59, 100], [144, 64, 100], [144, 66, 100], [144, 59, 100], [144, 64, 100], [144, 66, 100], [144, 59, 100], [144, 64, 100], [144, 66, 100], [144, 59, 100], [144, 64, 100], [144, 66, 100], [144, 59, 100], [144, 64, 100], [144, 66, 100], [144, 59, 100], [144, 64, 100], [144, 66, 100], [144, 59, 100], [144, 64, 100], [144, 66, 100], [144, 59, 100], [144, 64, 100], [144, 66, 100], [144, 59, 100], [144, 64, 100], [144, 66, 100], [144, 59, 100], [144, 64, 100], [144, 66, 100], [144, 59, 100], [144, 64, 100], [144, 66, 100], [144, 59, 100], [144, 64, 100], [144, 66, 100], [144, 59, 100], [144, 64, 100], [144, 66, 100], [144, 59, 100], [144, 64, 100], [144, 66, 100], [144, 59, 100], [144, 64, 100], [144, 66, 100], [144, 59, 100], [144, 64, 100], [144, 66, 100], [144, 59, 100], [144, 64, 100], [144, 66, 100], [144, 59, 100], [144, 64, 100], [144, 66, 100], [144, 59, 100], [144, 64, 100], [144, 66, 100], [144, 59, 100], [144, 64, 100], [144, 66, 100], [144, 59, 100], [144, 64, 100], [144, 66, 100], [144, 59, 100], [144, 64, 100], [144, 66, 100], [144, 59, 100], [144, 64, 100], [144, 66, 100], [144, 59, 100], [144, 64, 100], [144, 66, 100], [144, 59, 100], [144, 64, 100], [144, 66, 100], [144, 59, 100], [144, 64, 100], [144, 66, 100], [144, 59, 100], [144, 64, 100], [144, 66, 100], [144, 59, 100], [144, 64, 100], [144, 66, 100], [144, 59, 100], [144, 64, 100], [144, 66, 100], [144, 59, 100], [144, 64, 100], [144, 66, 100], [144, 59, 100], [144, 64, 100], [144, 66, 100], [144, 59, 100], [144, 64, 100], [144, 66, 100], [144, 59, 100], [144, 64, 100], [144, 66, 100], [144, 59, 100], [144, 64, 100], [144, 66, 100], [144, 59, 100], [144, 64, 100], [144, 66, 100], [144, 59, 100], [144, 64, 100], [144, 66, 100], [144, 59, 100], [144, 64, 100], [144, 66, 100], [144, 59, 100], [144, 64, 100], [144, 66, 100], [144, 59, 100], [144, 64, 100], [144, 66, 100], [144, 59, 100], [144, 64, 100], [144, 66, 100], [144, 59, 100], [144, 64, 100], [144, 66, 100], [144, 59, 100], [144, 64, 100], [144, 66, 100], [144, 59, 100], [144, 64, 100], [144, 66, 100], [144, 59, 100], [144, 64, 100], [144, 66, 100], [144, 59, 100], [144, 64, 100], [144, 66, 100], [144, 59, 100], [144, 64, 100], [144, 66, 100], [144, 59, 100], [144, 64, 100], [144, 66, 100], [144, 59, 100], [144, 64, 100], [144, 66, 100], [144, 59, 100], [144, 64, 100], [144, 66, 100], [144, 59, 100], [144, 64, 100], [144, 66, 100], [144, 59, 100], [144, 64, 100], [144, 66, 100], [144, 59, 100], [144, 64, 100], [144, 66, 100], [144, 59, 100], [144, 64, 100], [144, 66, 100], [144, 59, 100], [144, 64, 100], [144, 66, 100], [144, 59, 100], [144, 64, 100], [144, 66, 100], [144, 59, 100], [144, 64, 100], [144, 66, 100], [144, 59, 100], [144, 64, 100], [144, 66, 100], [144, 59, 100], [144, 64, 100], [144, 66, 100], [144, 59, 100], [144, 64, 100], [144, 66, 100], [144, 59, 100], [144, 64, 100], [144, 66, 100], [144, 59, 100], [144, 64, 100], [144, 66, 100], [144, 59, 100], [144, 64, 100], [144, 66, 100], [144, 59, 100], [144, 64, 100], [144, 66, 100], [144, 59, 100], [144, 64, 100], [144, 66, 100], [144, 59, 100], [144, 64, 100], [144, 66, 100], [144, 59, 100], [144, 64, 100], [144, 66, 100], [144, 59, 100], [144, 64, 100], [144, 66, 100], [144, 59, 100], [144, 64, 100], [144, 66, 100], [144, 59, 100], [144, 64, 100], [144, 66, 100], [144, 59, 100], [144, 64, 100], [144, 66, 100], [144, 59, 100], [144, 64, 100], [144, 66, 100], [144, 59, 100], [144, 64, 100], [144, 66, 100], [144, 59, 100], [144, 64, 100], [144, 66, 100], [144, 59, 100], [144, 64, 100], [144, 66, 100], [144, 59, 100], [144, 64, 100], [144, 66, 100], [144, 59, 100], [144, 64, 100], [144, 66, 100], [144, 59, 100], [144, 64, 100], [144, 66, 100], [144, 59, 100], [144, 64, 100], [144, 66, 100], [144, 59, 100], [144, 64, 100], [144, 66, 100], [144, 59, 100], [144, 64, 100], [144, 66, 100], [144, 59, 100], [144, 64, 100], [144, 66, 100], [144, 59, 100], [144, 64, 100], [144, 66, 100], [144, 59, 100], [144, 64, 100], [144, 66, 100], [144, 59, 100], [144, 64, 100], [144, 66, 100], [144, 59, 100], [144, 64, 100], [144, 66, 100], [144, 59, 100], [144, 64, 100], [144, 66, 100], [144, 59, 100], [144, 64, 100], [144, 66, 100], [144, 59, 100], [144, 64, 100], [144, 66, 100], [144, 59, 100], [144, 64, 100], [144, 66, 100], [144, 59, 100], [144, 64, 100], [144, 66, 100], [144, 59, 100], [144, 64, 100], [144, 66, 100], [144, 59, 100], [144, 64, 100], [144, 66, 100], [144, 59, 100], [144, 64, 100], [144, 66, 100], [144, 59, 100], [144, 64, 100], [144, 66, 100], [144, 59, 100], [144, 64, 100], [144, 66, 100], [144, 59, 100], [144, 64, 100], [144, 66, 100], [144, 59, 100], [144, 64, 100], [144, 66, 100], [144, 59, 100], [144, 64, 100], [144, 66, 100], [144, 59, 100], [144, 64, 100], [144, 66, 100], [144, 59, 100], [144, 64, 100], [144, 66, 100], [144, 59, 100], [144, 64, 100], [144, 66, 100], [144, 59, 100], [144, 64, 100], [144, 66, 100], [144, 59, 100], [144, 64, 100], [144, 66, 100], [144, 59, 100], [144, 64, 100], [144, 66, 100], [144, 59, 100], [144, 64, 100], [144, 66, 100], [144, 59, 100], [144, 64, 100], [144, 66, 100], [144, 59, 100], [144, 64, 100], [144, 66, 100], [144, 59, 100], [144, 64, 100], [144, 66, 100], [144, 59, 100], [144, 64, 100], [144, 66, 100], [144, 59, 100], [144, 64, 100], [144, 66, 100], [144, 59, 100], [144, 64, 100], [144, 66, 100], [144, 59, 100], [144, 64, 100], [144, 66, 100], [144, 59, 100], [144, 64, 100], [144, 66, 100], [144, 59, 100], [144, 64, 100], [144, 66, 100], [144, 59, 100], [144, 64, 100], [144, 66, 100], [144, 59, 100], [144, 64, 100], [144, 66, 100], [144, 59, 100], [144, 64, 100], [144, 66, 100], [144, 59, 100], [144, 64, 100], [144, 66, 100], [144, 59, 100], [144, 64, 100], [144, 66, 100], [144, 59, 100], [144, 64, 100], [144, 66, 100], [144, 59, 100], [144, 64, 100], [144, 66, 100], [144, 59, 100], [144, 64, 100], [144, 66, 100], [144, 59, 100], [144, 64, 100], [144, 66, 100], [144, 59, 100], [144, 64, 100], [144, 66, 100], [144, 59, 100], [144, 64, 100], [144, 66, 100], [144, 59, 100], [144, 64, 100], [144, 66, 100], [144, 59, 100], [144, 64, 100], [144, 66, 100], [144, 59, 100], [144, 64, 100], [144, 66, 100], [144, 59, 100], [144, 64, 100], [144, 66, 100], [144, 59, 100], [144, 64, 100], [144, 66, 100], [144, 59, 100], [144, 64, 100], [144, 66, 100], [144, 59, 100], [144, 64, 100], [144, 66, 100], [144, 59, 100], [144, 64, 100], [144, 66, 100], [144, 59, 100], [144, 64, 100], [144, 66, 100], [144, 59, 100], [144, 64, 100], [144, 66, 100], [144, 59, 100], [144, 64, 100], [144, 66, 100], [144, 59, 100], [144, 64, 100], [144, 66, 100], [144, 59, 100], [144, 64, 100], [144, 66, 100], [144, 59, 100], [144, 64, 100], [144, 66, 100], [144, 59, 100], [144, 64, 100], [144, 66, 100], [144, 59, 100], [144, 64, 100], [144, 66, 100], [144, 59, 100], [144, 64, 100], [144, 66, 100], [144, 59, 100], [144, 64, 100], [144, 66, 100], [144, 59, 100], [144, 64, 100], [144, 66, 100], [144, 59, 100], [144, 64, 100], [144, 66, 100], [144, 59, 100], [144, 64, 100], [144, 66, 100], [144, 59, 100], [144, 64, 100], [144, 66, 100], [144, 59, 100], [144, 64, 100], [144, 66, 100], [144, 59, 100], [144, 64, 100], [144, 66, 100], [144, 59, 100], [144, 64, 100], [144, 66, 100], [144, 59, 100], [144, 64, 100], [144, 66, 100], [144, 59, 100], [144, 64, 100], [144, 66, 100], [144, 59, 100], [144, 64, 100], [144, 66, 100], [144, 59, 100], [144, 64, 100], [144, 66, 100], [144, 59, 100], [144, 64, 100], [144, 66, 100], [144, 59, 100], [144, 64, 100], [144, 66, 100], [144, 59, 100], [144, 64, 100], [144, 66, 100], [144, 59, 100], [144, 64, 100], [144, 66, 100], [144, 59, 100], [144, 64, 100], [144, 66, 100], [144, 59, 100], [144, 64, 100], [144, 66, 100], [144, 59, 100], [144, 64, 100], [144, 66, 100], [144, 59, 100], [144, 64, 100], [144, 66, 100], [144, 59, 100], [144, 64, 100], [144, 66, 100], [144, 59, 100], [144, 64, 100], [144, 66, 100], [144, 59, 100], [144, 64, 100], [144, 66, 100], [144, 59, 100], [144, 64, 100], [144, 66, 100], [144, 59, 100], [144, 64, 100], [144, 66, 100], [144, 59, 100], [144, 64, 100], [144, 66, 100], [144, 59, 100], [144, 64, 100], [144, 66, 100], [144, 59, 100], [144, 64, 100], [144, 66, 100], [144, 59, 100], [144, 64, 100], [144, 66, 100], [144, 59, 100], [144, 64, 100], [144, 66, 100], [144, 59, 100], [144, 64, 100], [144, 66, 100], [144, 59, 100], [144, 64, 100], [144, 66, 100], [144, 59, 100], [144, 64, 100], [144, 66, 100], [144, 59, 100], [144, 64, 100], [144, 66, 100], [144, 59, 100], [144, 64, 100], [144, 66, 100], [144, 59, 100], [144, 64, 100], [144, 66, 100], [144, 59, 100], [144, 64, 100], [144, 66, 100], [144, 59, 100], [144, 64, 100], [144, 66, 100], [144, 59, 100], [144, 64, 100], [144, 66, 100], [144, 59, 100], [144, 64, 100], [144, 66, 100], [144, 59, 100], [144, 64, 100], [144, 66, 100], [144, 59, 100], [144, 64, 100], [144, 66, 100], [144, 59, 100], [144, 64, 100], [144, 66, 100], [144, 59, 100], [144, 64, 100], [144, 66, 100], [144, 59, 100], [144, 64, 100], [144, 40, 100], [144, 40, 100], [144, 56, 100], [144, 40, 100], [144, 56, 100], [144, 49, 100], [144, 40, 100], [144, 58, 100], [144, 40, 100], [144, 40, 100], [144, 56, 100], [144, 40, 100], [144, 56, 100], [144, 49, 100], [144, 40, 100], [144, 58, 100], [144, 40, 100], [144, 40, 100], [144, 56, 100], [144, 40, 100], [144, 56, 100], [144, 49, 100], [144, 40, 100], [144, 58, 100], [144, 63, 100], [144, 52, 100], [144, 63, 100], [144, 52, 100], [144, 56, 100], [144, 54, 100], [144, 54, 100], [144, 59, 100], [144, 52, 100], [144, 52, 100], [144, 56, 100], [144, 52, 100], [144, 56, 100], [144, 61, 100], [144, 52, 100], [144, 58, 100], [144, 52, 100], [144, 52, 100], [144, 56, 100], [144, 52, 100], [144, 56, 100], [144, 61, 100], [144, 52, 100], [144, 58, 100], [144, 52, 100], [144, 52, 100], [144, 56, 100], [144, 52, 100], [144, 56, 100], [144, 61, 100], [144, 52, 100], [144, 58, 100], [144, 40, 100], [144, 52, 100], [144, 44, 100], [144, 40, 100], [144, 56, 100], [144, 49, 100], [144, 52, 100], [144, 70, 100]]"
[2018-04-08 00:30:55.231350]: "Sequence set to: [[144, 56, 100], [144, 56, 100], [144, 56, 100], [144, 56, 100], [144, 56, 100], [144, 56, 100], [144, 56, 100], [144, 56, 100], [144, 56, 100], [144, 56, 100], [144, 56, 100], [144, 56, 100], [144, 56, 100], [144, 56, 100], [144, 56, 100], [144, 56, 100], [144, 56, 100], [144, 56, 100], [144, 56, 100], [144, 56, 100], [144, 56, 100], [144, 56, 100], [144, 56, 100], [144, 56, 100], [144, 56, 100], [144, 56, 100], [144, 56, 100], [144, 56, 100], [144, 56, 100], [144, 56, 100], [144, 56, 100], [144, 56, 100], [144, 56, 100], [144, 56, 100], [144, 56, 100], [144, 56, 100], [144, 56, 100], [144, 56, 100], [144, 56, 100], [144, 56, 100], [144, 56, 100], [144, 56, 100], [144, 56, 100], [144, 56, 100], [144, 56, 100], [144, 56, 100], [144, 56, 100], [144, 56, 100], [144, 56, 100], [144, 56, 100], [144, 56, 100], [144, 56, 100], [144, 56, 100], [144, 56, 100], [144, 56, 100], [144, 56, 100], [144, 56, 100], [144, 56, 100], [144, 56, 100], [144, 56, 100], [144, 56, 100], [144, 56, 100], [144, 56, 100], [144, 56, 100], [144, 56, 100], [144, 56, 100], [144, 56, 100], [144, 56, 100], [144, 56, 100], [144, 56, 100], [144, 56, 100], [144, 56, 100], [144, 56, 100], [144, 56, 100], [144, 56, 100], [144, 56, 100], [144, 56, 100], [144, 56, 100], [144, 56, 100], [144, 56, 100], [144, 56, 100], [144, 56, 100], [144, 56, 100], [144, 56, 100], [144, 56, 100], [144, 56, 100], [144, 56, 100], [144, 56, 100], [144, 56, 100], [144, 56, 100], [144, 56, 100], [144, 56, 100], [144, 56, 100], [144, 56, 100], [144, 56, 100], [144, 56, 100], [144, 56, 100], [144, 56, 100], [144, 56, 100], [144, 56, 100], [144, 56, 100], [144, 56, 100], [144, 56, 100], [144, 56, 100], [144, 56, 100], [144, 56, 100], [144, 56, 100], [144, 56, 100], [144, 56, 100], [144, 56, 100], [144, 56, 100], [144, 56, 100], [144, 56, 100], [144, 56, 100], [144, 56, 100], [144, 56, 100], [144, 56, 100], [144, 56, 100], [144, 56, 100], [144, 56, 100], [144, 56, 100], [144, 56, 100], [144, 56, 100], [144, 56, 100], [144, 56, 100], [144, 56, 100], [144, 56, 100], [144, 56, 100], [144, 56, 100], [144, 56, 100], [144, 56, 100], [144, 56, 100], [144, 56, 100], [144, 56, 100], [144, 56, 100], [144, 56, 100], [144, 56, 100], [144, 56, 100], [144, 56, 100], [144, 56, 100], [144, 56, 100], [144, 56, 100], [144, 56, 100], [144, 56, 100], [144, 56, 100], [144, 56, 100], [144, 56, 100], [144, 56, 100], [144, 56, 100], [144, 56, 100], [144, 56, 100], [144, 56, 100], [144, 56, 100], [144, 56, 100], [144, 56, 100], [144, 56, 100], [144, 56, 100], [144, 56, 100], [144, 56, 100], [144, 56, 100], [144, 56, 100], [144, 56, 100], [144, 56, 100], [144, 56, 100], [144, 56, 100], [144, 56, 100], [144, 56, 100], [144, 56, 100], [144, 56, 100], [144, 56, 100], [144, 56, 100], [144, 56, 100], [144, 56, 100], [144, 56, 100], [144, 56, 100], [144, 56, 100], [144, 56, 100], [144, 56, 100], [144, 56, 100], [144, 56, 100], [144, 56, 100], [144, 56, 100], [144, 56, 100], [144, 56, 100], [144, 56, 100], [144, 56, 100], [144, 56, 100], [144, 56, 100], [144, 56, 100], [144, 56, 100], [144, 56, 100], [144, 56, 100], [144, 56, 100], [144, 56, 100], [144, 56, 100], [144, 56, 100], [144, 56, 100], [144, 56, 100], [144, 56, 100], [144, 56, 100], [144, 56, 100], [144, 56, 100], [144, 56, 100], [144, 56, 100], [144, 56, 100], [144, 56, 100], [144, 56, 100], [144, 56, 100], [144, 56, 100], [144, 56, 100], [144, 56, 100], [144, 56, 100], [144, 56, 100], [144, 56, 100], [144, 56, 100], [144, 56, 100], [144, 56, 100], [144, 56, 100], [144, 56, 100], [144, 56, 100], [144, 56, 100], [144, 56, 100], [144, 56, 100], [144, 56, 100], [144, 56, 100], [144, 56, 100], [144, 56, 100], [144, 56, 100], [144, 56, 100], [144, 56, 100], [144, 56, 100], [144, 56, 100], [144, 56, 100], [144, 56, 100], [144, 56, 100], [144, 56, 100], [144, 56, 100], [144, 56, 100], [144, 56, 100], [144, 56, 100], [144, 56, 100], [144, 56, 100], [144, 56, 100], [144, 56, 100], [144, 56, 100], [144, 56, 100], [144, 56, 100], [144, 56, 100], [144, 56, 100], [144, 56, 100], [144, 56, 100], [144, 56, 100], [144, 56, 100], [144, 56, 100], [144, 56, 100], [144, 56, 100], [144, 56, 100], [144, 56, 100], [144, 56, 100], [144, 56, 100], [144, 56, 100], [144, 56, 100], [144, 56, 100], [144, 56, 100], [144, 56, 100], [144, 56, 100], [144, 56, 100], [144, 56, 100], [144, 56, 100], [144, 56, 100], [144, 56, 100], [144, 56, 100], [144, 56, 100], [144, 56, 100], [144, 56, 100], [144, 56, 100], [144, 56, 100], [144, 56, 100], [144, 56, 100], [144, 56, 100], [144, 56, 100], [144, 56, 100], [144, 56, 100], [144, 56, 100], [144, 56, 100], [144, 56, 100], [144, 56, 100], [144, 56, 100], [144, 56, 100], [144, 56, 100], [144, 56, 100], [144, 56, 100], [144, 56, 100], [144, 56, 100], [144, 56, 100], [144, 56, 100], [144, 56, 100], [144, 56, 100], [144, 56, 100], [144, 56, 100], [144, 56, 100], [144, 56, 100], [144, 56, 100], [144, 56, 100], [144, 56, 100], [144, 56, 100], [144, 56, 100], [144, 56, 100], [144, 56, 100], [144, 56, 100], [144, 56, 100], [144, 56, 100], [144, 56, 100], [144, 56, 100], [144, 56, 100], [144, 56, 100], [144, 56, 100], [144, 56, 100], [144, 56, 100], [144, 56, 100], [144, 56, 100], [144, 56, 100], [144, 56, 100], [144, 56, 100], [144, 56, 100], [144, 56, 100], [144, 56, 100], [144, 56, 100], [144, 56, 100], [144, 56, 100], [144, 56, 100], [144, 56, 100], [144, 56, 100], [144, 56, 100], [144, 56, 100], [144, 56, 100], [144, 56, 100], [144, 56, 100], [144, 56, 100], [144, 56, 100], [144, 56, 100], [144, 56, 100], [144, 56, 100], [144, 56, 100], [144, 56, 100], [144, 56, 100], [144, 56, 100], [144, 56, 100], [144, 56, 100], [144, 56, 100], [144, 56, 100], [144, 56, 100], [144, 56, 100], [144, 56, 100], [144, 56, 100], [144, 56, 100], [144, 56, 100], [144, 56, 100], [144, 56, 100], [144, 56, 100], [144, 56, 100], [144, 56, 100], [144, 56, 100], [144, 56, 100], [144, 56, 100], [144, 56, 100], [144, 56, 100], [144, 56, 100], [144, 56, 100], [144, 56, 100], [144, 56, 100], [144, 56, 100], [144, 56, 100], [144, 56, 100], [144, 56, 100], [144, 56, 100], [144, 56, 100], [144, 56, 100], [144, 56, 100], [144, 56, 100], [144, 56, 100], [144, 56, 100], [144, 56, 100], [144, 56, 100], [144, 56, 100], [144, 56, 100], [144, 56, 100], [144, 56, 100], [144, 56, 100], [144, 56, 100], [144, 56, 100], [144, 56, 100], [144, 56, 100], [144, 56, 100], [144, 56, 100], [144, 56, 100], [144, 56, 100], [144, 56, 100], [144, 56, 100], [144, 56, 100], [144, 56, 100], [144, 56, 100], [144, 56, 100], [144, 56, 100], [144, 56, 100], [144, 56, 100], [144, 56, 100], [144, 56, 100], [144, 56, 100], [144, 56, 100], [144, 56, 100], [144, 56, 100], [144, 56, 100], [144, 56, 100], [144, 56, 100], [144, 56, 100], [144, 56, 100], [144, 56, 100], [144, 56, 100], [144, 56, 100], [144, 56, 100], [144, 56, 100], [144, 56, 100], [144, 56, 100], [144, 56, 100], [144, 56, 100], [144, 56, 100], [144, 56, 100], [144, 56, 100], [144, 56, 100], [144, 56, 100], [144, 56, 100], [144, 56, 100], [144, 56, 100], [144, 56, 100], [144, 56, 100], [144, 56, 100], [144, 56, 100], [144, 56, 100], [144, 56, 100], [144, 56, 100], [144, 56, 100], [144, 56, 100], [144, 56, 100], [144, 56, 100], [144, 56, 100], [144, 56, 100], [144, 56, 100], [144, 56, 100], [144, 56, 100], [144, 56, 100], [144, 56, 100], [144, 56, 100], [144, 56, 100], [144, 56, 100], [144, 56, 100], [144, 56, 100], [144, 56, 100], [144, 56, 100], [144, 56, 100], [144, 56, 100], [144, 56, 100], [144, 56, 100], [144, 56, 100], [144, 56, 100], [144, 56, 100], [144, 56, 100], [144, 56, 100], [144, 56, 100], [144, 56, 100], [144, 56, 100], [144, 56, 100], [144, 56, 100], [144, 56, 100], [144, 56, 100], [144, 56, 100], [144, 56, 100], [144, 56, 100], [144, 56, 100], [144, 56, 100], [144, 56, 100], [144, 56, 100], [144, 56, 100], [144, 56, 100], [144, 56, 100], [144, 56, 100], [144, 56, 100], [144, 56, 100], [144, 56, 100], [144, 56, 100], [144, 56, 100], [144, 56, 100], [144, 56, 100], [144, 56, 100], [144, 56, 100], [144, 56, 100], [144, 56, 100], [144, 56, 100], [144, 56, 100], [144, 56, 100], [144, 56, 100], [144, 56, 100], [144, 56, 100], [144, 56, 100], [144, 56, 100], [144, 56, 100], [144, 56, 100], [144, 56, 100], [144, 56, 100], [144, 56, 100], [144, 56, 100], [144, 56, 100], [144, 56, 100], [144, 56, 100], [144, 56, 100], [144, 56, 100], [144, 56, 100], [144, 56, 100], [144, 56, 100], [144, 56, 100], [144, 56, 100], [144, 56, 100], [144, 56, 100], [144, 56, 100], [144, 56, 100], [144, 56, 100], [144, 56, 100], [144, 56, 100], [144, 56, 100], [144, 56, 100], [144, 56, 100], [144, 56, 100], [144, 56, 100], [144, 56, 100], [144, 56, 100], [144, 56, 100], [144, 56, 100], [144, 56, 100], [144, 56, 100], [144, 56, 100], [144, 56, 100], [144, 56, 100], [144, 56, 100], [144, 56, 100], [144, 56, 100], [144, 56, 100], [144, 56, 100], [144, 56, 100], [144, 56, 100], [144, 56, 100], [144, 56, 100], [144, 56, 100], [144, 56, 100], [144, 56, 100], [144, 56, 100], [144, 56, 100], [144, 56, 100], [144, 56, 100], [144, 56, 100], [144, 56, 100], [144, 56, 100], [144, 56, 100], [144, 56, 100], [144, 56, 100], [144, 56, 100], [144, 56, 100], [144, 56, 100], [144, 56, 100], [144, 56, 100], [144, 56, 100], [144, 56, 100], [144, 56, 100], [144, 56, 100], [144, 56, 100], [144, 56, 100], [144, 56, 100], [144, 56, 100], [144, 56, 100], [144, 56, 100], [144, 56, 100], [144, 56, 100], [144, 56, 100], [144, 56, 100], [144, 56, 100], [144, 56, 100], [144, 56, 100], [144, 56, 100], [144, 56, 100], [144, 56, 100], [144, 56, 100], [144, 56, 100], [144, 56, 100], [144, 56, 100], [144, 56, 100], [144, 56, 100], [144, 56, 100], [144, 56, 100], [144, 56, 100], [144, 56, 100], [144, 56, 100], [144, 40, 100], [144, 64, 100], [144, 68, 100], [144, 64, 100], [144, 56, 100], [144, 61, 100], [144, 40, 100], [144, 46, 100], [144, 40, 100], [144, 64, 100], [144, 68, 100], [144, 64, 100], [144, 56, 100], [144, 61, 100], [144, 40, 100], [144, 46, 100], [144, 40, 100], [144, 64, 100], [144, 68, 100], [144, 64, 100], [144, 56, 100], [144, 61, 100], [144, 40, 100], [144, 46, 100], [144, 54, 100], [144, 52, 100], [144, 52, 100], [144, 58, 100], [144, 56, 100], [144, 52, 100], [144, 54, 100], [144, 59, 100], [144, 52, 100], [144, 52, 100], [144, 56, 100], [144, 52, 100], [144, 56, 100], [144, 61, 100], [144, 52, 100], [144, 58, 100], [144, 52, 100], [144, 52, 100], [144, 56, 100], [144, 52, 100], [144, 56, 100], [144, 61, 100], [144, 52, 100], [144, 58, 100], [144, 52, 100], [144, 52, 100], [144, 56, 100], [144, 52, 100], [144, 56, 100], [144, 61, 100], [144, 52, 100], [144, 58, 100], [144, 64, 100], [144, 64, 100], [144, 68, 100], [144, 40, 100], [144, 68, 100], [144, 73, 100], [144, 40, 100], [144, 46, 100]]"
[2018-04-08 00:30:59.575428]: "Sequence set to: [[144, 59, 100], [144, 64, 100], [144, 61, 100], [144, 59, 100], [144, 64, 100], [144, 61, 100], [144, 59, 100], [144, 64, 100], [144, 61, 100], [144, 59, 100], [144, 64, 100], [144, 61, 100], [144, 59, 100], [144, 64, 100], [144, 61, 100], [144, 59, 100], [144, 64, 100], [144, 61, 100], [144, 59, 100], [144, 64, 100], [144, 61, 100], [144, 59, 100], [144, 64, 100], [144, 61, 100], [144, 59, 100], [144, 64, 100], [144, 61, 100], [144, 59, 100], [144, 64, 100], [144, 61, 100], [144, 59, 100], [144, 64, 100], [144, 61, 100], [144, 59, 100], [144, 64, 100], [144, 61, 100], [144, 59, 100], [144, 64, 100], [144, 61, 100], [144, 59, 100], [144, 64, 100], [144, 61, 100], [144, 59, 100], [144, 64, 100], [144, 61, 100], [144, 59, 100], [144, 64, 100], [144, 61, 100], [144, 59, 100], [144, 64, 100], [144, 61, 100], [144, 59, 100], [144, 64, 100], [144, 61, 100], [144, 59, 100], [144, 64, 100], [144, 61, 100], [144, 59, 100], [144, 64, 100], [144, 61, 100], [144, 59, 100], [144, 64, 100], [144, 61, 100], [144, 59, 100], [144, 64, 100], [144, 61, 100], [144, 59, 100], [144, 64, 100], [144, 61, 100], [144, 59, 100], [144, 64, 100], [144, 61, 100], [144, 59, 100], [144, 64, 100], [144, 61, 100], [144, 59, 100], [144, 64, 100], [144, 61, 100], [144, 59, 100], [144, 64, 100], [144, 61, 100], [144, 59, 100], [144, 64, 100], [144, 61, 100], [144, 59, 100], [144, 64, 100], [144, 61, 100], [144, 59, 100], [144, 64, 100], [144, 61, 100], [144, 59, 100], [144, 64, 100], [144, 61, 100], [144, 59, 100], [144, 64, 100], [144, 61, 100], [144, 59, 100], [144, 64, 100], [144, 61, 100], [144, 59, 100], [144, 64, 100], [144, 61, 100], [144, 59, 100], [144, 64, 100], [144, 61, 100], [144, 59, 100], [144, 64, 100], [144, 61, 100], [144, 59, 100], [144, 64, 100], [144, 61, 100], [144, 59, 100], [144, 64, 100], [144, 61, 100], [144, 59, 100], [144, 64, 100], [144, 61, 100], [144, 59, 100], [144, 64, 100], [144, 61, 100], [144, 59, 100], [144, 64, 100], [144, 61, 100], [144, 59, 100], [144, 64, 100], [144, 61, 100], [144, 59, 100], [144, 64, 100], [144, 61, 100], [144, 59, 100], [144, 64, 100], [144, 61, 100], [144, 59, 100], [144, 64, 100], [144, 61, 100], [144, 59, 100], [144, 64, 100], [144, 61, 100], [144, 59, 100], [144, 64, 100], [144, 61, 100], [144, 59, 100], [144, 64, 100], [144, 61, 100], [144, 59, 100], [144, 64, 100], [144, 61, 100], [144, 59, 100], [144, 64, 100], [144, 61, 100], [144, 59, 100], [144, 64, 100], [144, 61, 100], [144, 59, 100], [144, 64, 100], [144, 61, 100], [144, 59, 100], [144, 64, 100], [144, 61, 100], [144, 59, 100], [144, 64, 100], [144, 61, 100], [144, 59, 100], [144, 64, 100], [144, 61, 100], [144, 59, 100], [144, 64, 100], [144, 61, 100], [144, 59, 100], [144, 64, 100], [144, 61, 100], [144, 59, 100], [144, 64, 100], [144, 61, 100], [144, 59, 100], [144, 64, 100], [144, 61, 100], [144, 59, 100], [144, 64, 100], [144, 61, 100], [144, 59, 100], [144, 64, 100], [144, 61, 100], [144, 59, 100], [144, 64, 100], [144, 61, 100], [144, 59, 100], [144, 64, 100], [144, 61, 100], [144, 59, 100], [144, 64, 100], [144, 61, 100], [144, 59, 100], [144, 64, 100], [144, 61, 100], [144, 59, 100], [144, 64, 100], [144, 61, 100], [144, 59, 100], [144, 64, 100], [144, 61, 100], [144, 59, 100], [144, 64, 100], [144, 61, 100], [144, 59, 100], [144, 64, 100], [144, 61, 100], [144, 59, 100], [144, 64, 100], [144, 61, 100], [144, 59, 100], [144, 64, 100], [144, 61, 100], [144, 59, 100], [144, 64, 100], [144, 61, 100], [144, 59, 100], [144, 64, 100], [144, 61, 100], [144, 59, 100], [144, 64, 100], [144, 61, 100], [144, 59, 100], [144, 64, 100], [144, 61, 100], [144, 59, 100], [144, 64, 100], [144, 61, 100], [144, 59, 100], [144, 64, 100], [144, 61, 100], [144, 59, 100], [144, 64, 100], [144, 61, 100], [144, 59, 100], [144, 64, 100], [144, 61, 100], [144, 59, 100], [144, 64, 100], [144, 61, 100], [144, 59, 100], [144, 64, 100], [144, 61, 100], [144, 59, 100], [144, 64, 100], [144, 61, 100], [144, 59, 100], [144, 64, 100], [144, 61, 100], [144, 59, 100], [144, 64, 100], [144, 61, 100], [144, 59, 100], [144, 64, 100], [144, 61, 100], [144, 59, 100], [144, 64, 100], [144, 61, 100], [144, 59, 100], [144, 64, 100], [144, 61, 100], [144, 59, 100], [144, 64, 100], [144, 61, 100], [144, 59, 100], [144, 64, 100], [144, 61, 100], [144, 59, 100], [144, 64, 100], [144, 61, 100], [144, 59, 100], [144, 64, 100], [144, 61, 100], [144, 59, 100], [144, 64, 100], [144, 61, 100], [144, 59, 100], [144, 64, 100], [144, 61, 100], [144, 59, 100], [144, 64, 100], [144, 61, 100], [144, 59, 100], [144, 64, 100], [144, 61, 100], [144, 59, 100], [144, 64, 100], [144, 61, 100], [144, 59, 100], [144, 64, 100], [144, 61, 100], [144, 59, 100], [144, 64, 100], [144, 61, 100], [144, 59, 100], [144, 64, 100], [144, 61, 100], [144, 59, 100], [144, 64, 100], [144, 61, 100], [144, 59, 100], [144, 64, 100], [144, 61, 100], [144, 59, 100], [144, 64, 100], [144, 61, 100], [144, 59, 100], [144, 64, 100], [144, 61, 100], [144, 59, 100], [144, 64, 100], [144, 61, 100], [144, 59, 100], [144, 64, 100], [144, 61, 100], [144, 59, 100], [144, 64, 100], [144, 61, 100], [144, 59, 100], [144, 64, 100], [144, 61, 100], [144, 59, 100], [144, 64, 100], [144, 61, 100], [144, 59, 100], [144, 64, 100], [144, 61, 100], [144, 59, 100], [144, 64, 100], [144, 61, 100], [144, 59, 100], [144, 64, 100], [144, 61, 100], [144, 59, 100], [144, 64, 100], [144, 61, 100], [144, 59, 100], [144, 64, 100], [144, 61, 100], [144, 59, 100], [144, 64, 100], [144, 61, 100], [144, 59, 100], [144, 64, 100], [144, 61, 100], [144, 59, 100], [144, 64, 100], [144, 61, 100], [144, 59, 100], [144, 64, 100], [144, 61, 100], [144, 59, 100], [144, 64, 100], [144, 61, 100], [144, 59, 100], [144, 64, 100], [144, 61, 100], [144, 59, 100], [144, 64, 100], [144, 61, 100], [144, 59, 100], [144, 64, 100], [144, 61, 100], [144, 59, 100], [144, 64, 100], [144, 61, 100], [144, 59, 100], [144, 64, 100], [144, 61, 100], [144, 59, 100], [144, 64, 100], [144, 61, 100], [144, 59, 100], [144, 64, 100], [144, 61, 100], [144, 59, 100], [144, 64, 100], [144, 61, 100], [144, 59, 100], [144, 64, 100], [144, 61, 100], [144, 59, 100], [144, 64, 100], [144, 61, 100], [144, 59, 100], [144, 64, 100], [144, 61, 100], [144, 59, 100], [144, 64, 100], [144, 61, 100], [144, 59, 100], [144, 64, 100], [144, 61, 100], [144, 59, 100], [144, 64, 100], [144, 61, 100], [144, 59, 100], [144, 64, 100], [144, 61, 100], [144, 59, 100], [144, 64, 100], [144, 61, 100], [144, 59, 100], [144, 64, 100], [144, 61, 100], [144, 59, 100], [144, 64, 100], [144, 61, 100], [144, 59, 100], [144, 64, 100], [144, 61, 100], [144, 59, 100], [144, 64, 100], [144, 61, 100], [144, 59, 100], [144, 64, 100], [144, 61, 100], [144, 59, 100], [144, 64, 100], [144, 61, 100], [144, 59, 100], [144, 64, 100], [144, 61, 100], [144, 59, 100], [144, 64, 100], [144, 61, 100], [144, 59, 100], [144, 64, 100], [144, 61, 100], [144, 59, 100], [144, 64, 100], [144, 61, 100], [144, 59, 100], [144, 64, 100], [144, 61, 100], [144, 59, 100], [144, 64, 100], [144, 61, 100], [144, 59, 100], [144, 64, 100], [144, 61, 100], [144, 59, 100], [144, 64, 100], [144, 61, 100], [144, 59, 100], [144, 64, 100], [144, 61, 100], [144, 59, 100], [144, 64, 100], [144, 61, 100], [144, 59, 100], [144, 64, 100], [144, 61, 100], [144, 59, 100], [144, 64, 100], [144, 61, 100], [144, 59, 100], [144, 64, 100], [144, 61, 100], [144, 59, 100], [144, 64, 100], [144, 61, 100], [144, 59, 100], [144, 64, 100], [144, 61, 100], [144, 59, 100], [144, 64, 100], [144, 61, 100], [144, 59, 100], [144, 64, 100], [144, 61, 100], [144, 59, 100], [144, 64, 100], [144, 61, 100], [144, 59, 100], [144, 64, 100], [144, 61, 100], [144, 59, 100], [144, 64, 100], [144, 61, 100], [144, 59, 100], [144, 64, 100], [144, 61, 100], [144, 59, 100], [144, 64, 100], [144, 61, 100], [144, 59, 100], [144, 64, 100], [144, 61, 100], [144, 59, 100], [144, 64, 100], [144, 61, 100], [144, 59, 100], [144, 64, 100], [144, 61, 100], [144, 59, 100], [144, 64, 100], [144, 61, 100], [144, 59, 100], [144, 64, 100], [144, 61, 100], [144, 59, 100], [144, 64, 100], [144, 61, 100], [144, 59, 100], [144, 64, 100], [144, 61, 100], [144, 59, 100], [144, 64, 100], [144, 61, 100], [144, 59, 100], [144, 64, 100], [144, 61, 100], [144, 59, 100], [144, 64, 100], [144, 61, 100], [144, 59, 100], [144, 64, 100], [144, 61, 100], [144, 59, 100], [144, 64, 100], [144, 61, 100], [144, 59, 100], [144, 64, 100], [144, 61, 100], [144, 59, 100], [144, 64, 100], [144, 61, 100], [144, 59, 100], [144, 64, 100], [144, 61, 100], [144, 59, 100], [144, 64, 100], [144, 61, 100], [144, 59, 100], [144, 64, 100], [144, 61, 100], [144, 59, 100], [144, 64, 100], [144, 61, 100], [144, 59, 100], [144, 64, 100], [144, 61, 100], [144, 59, 100], [144, 64, 100], [144, 61, 100], [144, 59, 100], [144, 64, 100], [144, 61, 100], [144, 59, 100], [144, 64, 100], [144, 61, 100], [144, 59, 100], [144, 64, 100], [144, 61, 100], [144, 59, 100], [144, 64, 100], [144, 61, 100], [144, 59, 100], [144, 64, 100], [144, 61, 100], [144, 59, 100], [144, 64, 100], [144, 61, 100], [144, 59, 100], [144, 64, 100], [144, 61, 100], [144, 59, 100], [144, 64, 100], [144, 61, 100], [144, 59, 100], [144, 64, 100], [144, 61, 100], [144, 59, 100], [144, 64, 100], [144, 61, 100], [144, 59, 100], [144, 64, 100], [144, 61, 100], [144, 59, 100], [144, 64, 100], [144, 61, 100], [144, 59, 100], [144, 64, 100], [144, 61, 100], [144, 59, 100], [144, 64, 100], [144, 61, 100], [144, 59, 100], [144, 64, 100], [144, 61, 100], [144, 59, 100], [144, 64, 100], [144, 61, 100], [144, 59, 100], [144, 64, 100], [144, 61, 100], [144, 59, 100], [144, 64, 100], [144, 61, 100], [144, 52, 100], [144, 52, 100], [144, 56, 100], [144, 40, 100], [144, 56, 100], [144, 61, 100], [144, 52, 100], [144, 46, 100], [144, 52, 100], [144, 52, 100], [144, 56, 100], [144, 40, 100], [144, 56, 100], [144, 61, 100], [144, 52, 100], [144, 46, 100], [144, 52, 100], [144, 52, 100], [144, 56, 100], [144, 40, 100], [144, 56, 100], [144, 61, 100], [144, 52, 100], [144, 46, 100], [144, 56, 100], [144, 52, 100], [144, 61, 100], [144, 54, 100], [144, 56, 100], [144, 64, 100], [144, 54, 100], [144, 54, 100], [144, 52, 100], [144, 52, 100], [144, 56, 100], [144, 52, 100], [144, 56, 100], [144, 61, 100], [144, 52, 100], [144, 58, 100], [144, 52, 100], [144, 52, 100], [144, 56, 100], [144, 52, 100], [144, 56, 100], [144, 61, 100], [144, 52, 100], [144, 58, 100], [144, 52, 100], [144, 52, 100], [144, 56, 100], [144, 52, 100], [144, 56, 100], [144, 61, 100], [144, 52, 100], [144, 58, 100], [144, 52, 100], [144, 64, 100], [144, 44, 100], [144, 40, 100], [144, 68, 100], [144, 73, 100], [144, 52, 100], [144, 58, 100]]"
[2018-04-08 00:31:09.452463]: "Poly relative: [2, 3, 5]"
[2018-04-08 00:31:48.820446]: "Root sequence set to: [49]"
[2018-04-08 00:31:48.859473]: "Root changed to: 49"
[2018-04-08 00:32:02.293003]: "Root sequence set to: [57]"
[2018-04-08 00:32:02.374080]: "Root changed to: 57"
[2018-04-08 00:32:08.852684]: "Root sequence set to: [56]"
[2018-04-08 00:32:08.974771]: "Root changed to: 56"
[2018-04-08 00:32:16.076810]: "Root sequence set to: [55]"
[2018-04-08 00:32:16.193898]: "Root changed to: 55"
[2018-04-08 00:32:19.189021]: "Root sequence set to: [54]"
[2018-04-08 00:32:19.265085]: "Root changed to: 54"
[2018-04-08 00:32:22.524401]: "Root sequence set to: [53]"
[2018-04-08 00:32:22.646489]: "Root changed to: 53"
[2018-04-08 00:32:24.508807]: "Root sequence set to: [52]"
[2018-04-08 00:32:24.798013]: "Root changed to: 52"
[2018-04-08 00:33:02.117133]: "Sequence stopped."
