1516823945.5159483 90
1516823945.618 90
1516823945.7220738 91
1516823945.8261464 92
1516823945.9282217 93
1516823946.0312924 94
1516823946.1343904 95
1516823946.2374399 96
1516823946.340512 97
1516823946.4435856 98
1516823946.5466597 99
1516823946.6497571 100
1516823946.7528129 101
1516823946.8558786 102
1516823946.958952 102
1516823947.0620222 103
1516823947.1651027 104
1516823947.2681713 105
1516823947.3712442 105
1516823947.4743176 106
1516823947.5773928 106
1516823947.6804633 107
1516823947.7825494 107
1516823947.8856091 108
1516823947.9886856 108
1516823948.091776 108
1516823948.1948287 109
1516823948.297902 109
1516823948.4009738 109
1516823948.5040457 109
1516823948.6061203 109
1516823948.7091937 109
1516823948.8122637 109
1516823948.91534 109
1516823949.0184433 109
1516823949.1214867 109
1516823949.2245586 109
1516823949.3266318 109
1516823949.4297323 108
1516823949.5327826 108
1516823949.6358495 108
1516823949.7379253 107
1516823949.8399978 107
1516823949.9420667 106
1516823950.0441387 106
1516823950.1462138 105
1516823950.2482855 104
1516823950.35136 104
1516823950.455438 103
1516823950.5585036 102
1516823950.6605785 101
1516823950.763667 101
1516823950.8647358 100
1516823950.9677963 99
1516823951.06989 98
1516823951.1729674 97
1516823951.2760122 96
1516823951.3780866 95
1516823951.4811654 94
1516823951.583242 97
1516823951.6853266 82
1516823951.7873769 73
1516823951.8884485 99
1516823951.9915226 95
1516823952.094596 105
1516823952.1966796 72
1516823952.2997441 100
1516823952.4028249 88
1516823952.5048866 91
1516823953.5075984 79
1516823954.5103347 108
1516823955.5120192 101
1516823956.5147316 107
1516823957.5174448 82
1516823958.5201554 80
1516823959.5228672 76
1516823960.5255747 90
1516823961.5272899 77
1516823962.5299969 86
1516823963.5317075 73
1516823964.5344229 97
1516823965.537134 73
1516823966.539846 96
1516823967.5435877 95
1516823968.5462694 101
1516823969.5479796 72
1516823970.549689 91
1516823971.5514023 108
1516823972.5541117 96
1516823973.555856 93
1516823974.5575347 73
1516823975.561244 92
1516823976.5629828 72
1516823977.566695 72
1516823978.5693784 83
1516823979.5710943 110
1516823980.5738168 108
1516823981.5765407 97
1516823982.5792277 98
1516823983.5819488 100
1516823984.5846536 92
1516823985.5873632 91
1516823986.590073 95
1516823987.5927982 76
1516823988.5954967 71
1516823989.598209 82
1516823990.6009183 71
1516823991.6036322 89
1516823992.6063428 96
1516823993.6090543 96
1516823994.6117659 95
1516823995.6144762 99
1516823996.6172123 101
1516823997.620926 91
1516823998.62361 89
1516823999.6253219 81
1516824000.627031 96
1516824001.6297452 76
1516824002.6324737 109
1516824003.6351683 101
1516824004.637889 85
1516824005.6416187 89
1516824006.6433282 95
1516824007.646014 104
1516824008.6487246 109
1516824009.6504383 92
1516824010.6531558 74
1516824011.6568644 74
1516824012.6595855 82
1516824013.6622837 81
1516824014.6660144 87
1516824015.6697083 88
1516824016.6724207 72
1516824017.6751487 86
1516824018.6778426 99
1516824019.6805692 108
1516824020.683263 86
1516824021.6859977 100
1516824022.688685 108
1516824023.6904123 105
1516824024.692135 104
1516824025.6958482 85
1516824026.6985579 87
1516824027.7012484 74
1516824028.7039826 102
1516824029.7066689 91
1516824030.7104056 108
1516824031.713092 88
1516824032.7158048 72
1516824033.7185147 101
1516824034.722253 78
1516824035.7239347 77
1516824036.7266457 100
1516824037.7273552 78
1516824038.7280653 75
1516824039.7297764 104
1516824040.731488 87
1516824041.7342052 104
1516824042.7369123 72
1516824043.737621 101
1516824044.7383306 88
1516824045.739041 73
1516824046.739751 71
1516824047.7404616 78
1516824048.7411716 103
1516824049.7418883 88
1516824050.7426047 85
1516824051.7443027 102
1516824052.7450125 79
1516824053.746761 88
1516824054.7484348 72
1516824055.7501454 104
1516824056.7508578 86
1516824057.7515657 76
1516824058.7522757 97
1516824059.7529855 70
1516824060.753695 103
1516824061.7554061 70
1516824062.7561164 109
1516824063.7568264 106
1516824064.7575364 107
1516824065.7582467 82
1516824066.7589567 91
1516824067.7606668 109
1516824068.7613778 96
1516824069.762087 82
1516824070.7627976 76
1516824071.7635086 87
1516824072.7642174 93
1516824073.7649271 101
1516824074.7666416 91
1516824075.7683523 71
1516824076.7700634 110
1516824077.7717743 103
1516824078.7724845 86
1516824079.774195 85
1516824080.775906 74
1516824081.77763 75
1516824082.7783265 90
1516824083.7800372 105
1516824084.7807477 88
1516824085.7824578 99
1516824086.784169 101
1516824087.7858799 106
1516824088.787591 92
1516824089.7893023 76
1516824090.791014 92
1516824091.7927227 108
1516824092.7944481 73
1516824093.7951438 74
1516824094.7958539 100
1516824095.797565 86
1516824096.798277 93
1516824097.7999856 110
1516824098.8016963 89
1516824099.8024068 107
1516824100.8031192 82
1516824101.8038266 78
1516824102.8045366 107
1516824103.805247 83
1516824104.8059573 85
1516824105.8076677 108
1516824106.808378 73
1516824107.8100889 71
1516824108.8117995 79
1516824109.81251 92
1516824110.8132205 70
1516824111.8149436 103
1516824112.816642 106
1516824113.8173513 92
1516824114.8190625 88
1516824115.821774 75
1516824116.823485 77
1516824117.8251956 76
1516824118.8259056 72
1516824119.8276167 109
1516824120.8293276 76
1516824121.831038 108
1516824122.8317482 101
1516824123.833459 70
1516824124.8341694 72
1516824125.8348925 101
1516824126.835589 106
1516824127.8363125 87
1516824128.83701 83
1516824129.8377194 74
1516824130.8384292 90
1516824131.8401406 80
1516824132.8418512 72
1516824133.8435621 77
1516824134.844272 102
1516824135.8459826 86
1516824136.846693 106
1516824137.8484037 100
1516824138.8491142 106
1516824139.8508246 85
1516824140.8515348 99
1516824141.8532462 99
1516824142.8549569 93
1516824143.856667 106
1516824144.8583777 107
1516824145.860102 76
1516824146.8607988 88
1516824147.8625095 95
1516824148.8642204 96
1516824149.8659315 74
1516824150.8676424 81
1516824151.8693533 83
1516824152.8700626 93
1516824153.8717737 87
1516824154.8734846 109
1516824155.8751965 94
1516824156.8759058 108
1516824157.877617 91
1516824158.879327 88
1516824159.880037 80
1516824160.8807507 101
1516824161.88246 105
1516824162.8841689 102
1516824163.8858798 110
1516824164.88659 71
1516824165.8883016 110
1516824166.8910124 80
1516824167.8927226 96
1516824168.8944337 73
1516824169.8961446 102
1516824170.8968546 72
1516824171.8985653 70
1516824172.8992755 91
1516824173.9009888 71
1516824174.9026978 105
1516824175.9034216 96
1516824176.9061203 87
1516824177.907843 73
1516824178.910546 103
1516824179.9132555 107
1516824180.915969 100
1516824181.9186807 109
1516824182.9213927 102
1516824183.9241045 92
1516824184.9268398 77
1516824185.929541 73
1516824186.9302623 86
1516824187.9329586 108
1516824188.9356575 77
1516824189.9383729 99
1516824190.9411075 95
1516824191.9437938 104
1516824192.9465082 96
1516824193.9492292 104
1516824194.951929 87
1516824195.9546392 109
1516824196.9573517 101
1516824197.9600644 70
1516824198.9627974 81
1516824199.9664924 109
1516824200.9691978 70
1516824201.97191 73
1516824202.9746208 92
1516824203.9773343 98
1516824204.980044 107
1516824205.9817708 98
1516824206.9844692 77
1516824207.987203 76
1516824208.9898868 77
1516824209.991597 85
1516824210.992309 107
1516824211.9940245 73
1516824212.9967413 105
1516824214.0004663 103
1516824215.003157 103
1516824216.006869 85
1516824217.0095806 76
1516824218.0122898 83
1516824219.0140133 91
1516824220.0157335 78
1516824221.0184214 96
1516824222.0191326 97
1516824223.0208461 91
1516824224.0235593 96
1516824225.0262692 84
1516824226.0289807 81
1516824227.032695 90
1516824228.0354035 110
1516824229.038117 103
1516824230.0398262 80
1516824231.041539 87
1516824232.0442557 82
1516824233.0469594 96
1516824234.0486767 79
1516824235.0493872 101
1516824236.0520897 84
1516824237.0538013 99
1516824238.0555406 94
1516824239.059228 83
