1516823698.9406917 11
1516823699.0427642 11
1516823699.1468208 12
1516823699.2488885 12
1516823699.3509626 13
1516823699.4530716 13
1516823699.5551088 14
1516823699.6571794 14
1516823699.759263 15
1516823699.8613238 15
1516823699.9644053 16
1516823700.06747 16
1516823700.169541 17
1516823700.2706158 17
1516823700.3726864 18
1516823700.4747696 18
1516823700.5778327 18
1516823700.6809168 19
1516823700.7839952 19
1516823700.886051 19
1516823700.9891317 20
1516823701.0911977 20
1516823701.1932707 20
1516823701.2963438 21
1516823701.3984437 21
1516823701.5014908 21
1516823701.6025617 21
1516823701.7046614 21
1516823701.8077052 21
1516823701.9097931 21
1516823702.0128582 21
1516823702.115924 21
1516823702.2190013 21
1516823702.3220854 21
1516823702.425143 21
1516823702.5272157 21
1516823702.6283045 21
1516823702.730376 21
1516823702.832441 21
1516823702.9365072 21
1516823703.0395799 21
1516823703.1426523 20
1516823703.2447553 20
1516823703.3478062 20
1516823703.4508824 19
1516823703.5539508 19
1516823703.6570172 19
1516823703.7590902 18
1516823703.863164 18
1516823703.9662545 18
1516823704.0693145 17
1516823704.171398 17
1516823704.2734537 16
1516823704.3745396 16
1516823704.4756076 15
1516823704.5767055 15
1516823704.6777546 14
1516823704.7798185 14
1516823704.8829026 13
1516823704.9849727 13
1516823705.087039 12
1516823705.1901057 12
1516823705.2931826 11
1516823705.396259 10
1516823705.4983597 10
1516823705.5994117 9
1516823705.70047 9
1516823705.8025393 8
1516823705.9046118 8
1516823706.0076852 7
1516823706.1087594 7
1516823706.211838 6
1516823706.3149095 6
1516823706.417981 5
1516823706.5200534 5
1516823706.6231365 4
1516823706.7261977 4
1516823706.8292823 3
1516823706.9013405 3
1516823706.9453504 3
1516823706.9693675 2
1516823706.9813783 2
1516823706.9903848 1
1516823706.9973893 1
1516823707.0013916 1
1516823707.0043936 1
1516823707.005394 0
1516823707.0063934 0
1516823707.0073962 0
1516823707.0083964 0
1516823707.0093977 0
1516823707.0103981 0
1516823707.0113988 0
1516823707.0123997 0
1516823707.0134 0
1516823707.0134 0
1516823707.014399 0
1516823707.0154016 0
1516823707.0164037 0
1516823707.0174015 0
1516823707.0194168 0
1516823707.0204053 0
1516823707.0214057 0
1516823707.0224068 1
1516823707.0234058 1
1516823707.024408 1
1516823707.0254087 1
1516823707.0264115 2
1516823707.0284116 2
1516823707.0294118 2
1516823707.0304134 3
1516823707.0314257 3
1516823707.0324135 4
1516823707.0334146 4
1516823707.0344152 4
1516823707.035416 5
1516823707.0364149 5
1516823707.0374157 6
1516823707.038418 6
1516823707.0394187 7
1516823707.0404177 7
1516823707.043421 8
1516823707.0444224 8
1516823707.0454254 9
1516823707.046424 10
1516823707.0474243 10
1516823707.0484252 11
1516823707.0494242 11
1516823707.0504248 12
1516823707.0514252 12
1516823707.052428 13
1516823707.053429 13
1516823707.0544293 14
1516823707.0564306 14
1516823707.0574315 15
1516823707.0584304 15
1516823707.0594332 16
1516823707.060434 16
1516823707.061435 17
1516823707.0624363 17
1516823707.0634365 18
1516823707.0654352 18
1516823707.0674388 19
1516823707.068439 19
1516823707.068439 19
1516823707.0704403 20
1516823707.0714414 20
1516823707.0724423 20
1516823707.0734432 20
1516823707.0744436 21
1516823707.0754442 21
1516823707.076445 21
1516823707.0774436 21
1516823707.0784464 21
1516823707.0794451 21
1516823707.0804493 21
1516823707.0814483 21
1516823707.0834484 21
1516823707.0844507 21
1516823707.0854516 21
1516823707.0874655 21
1516823707.0884516 21
1516823707.0894544 21
1516823707.0904531 21
1516823707.094456 21
1516823707.0954585 21
1516823707.097458 20
1516823707.0984602 20
1516823707.0994613 20
1516823707.1004622 20
1516823707.101463 19
1516823707.1024635 19
1516823707.1034644 19
1516823707.1044626 18
1516823707.1054654 18
1516823707.106466 17
1516823707.1074655 17
1516823707.10947 16
1516823707.1114697 16
1516823707.1124706 16
1516823707.113469 15
1516823707.1144834 15
1516823707.1154728 14
1516823707.116474 13
1516823707.1174722 13
1516823707.118473 12
1516823707.1194754 12
1516823707.1204762 11
1516823707.121478 11
1516823707.1224778 10
1516823707.1234782 10
1516823707.125479 9
1516823707.1264794 9
1516823707.1274834 8
1516823707.1285014 8
1516823707.1294858 7
1516823707.1314833 6
1516823707.1324837 6
1516823707.1334858 5
1516823707.1344843 5
1516823707.135486 5
1516823707.136488 4
1516823707.138505 4
1516823707.1394885 3
1516823707.1405118 3
1516823707.1415105 2
1516823707.142511 2
1516823707.1434937 2
1516823707.144492 1
1516823707.1454923 1
1516823707.146495 1
1516823707.1474938 1
1516823707.1484947 0
1516823707.149497 0
1516823707.1525002 0
1516823707.1535003 0
1516823707.1545103 0
1516823707.155513 0
1516823707.1565113 0
1516823707.1575127 0
1516823707.1585133 0
1516823707.1595023 0
1516823707.160505 0
1516823707.1615057 0
1516823707.1625085 0
1516823707.1645174 0
1516823707.1645174 0
1516823707.166517 0
1516823707.1675086 0
1516823707.1685202 1
1516823707.1695209 1
1516823707.1705208 1
1516823707.171522 1
1516823707.173524 2
1516823707.1745126 2
1516823707.175516 2
1516823707.17653 3
1516823707.1775174 3
1516823707.1785233 4
1516823707.1805189 4
1516823707.1815195 5
1516823707.182534 5
1516823707.18352 6
1516823707.1845233 6
1516823707.1855216 7
1516823707.186522 7
1516823707.187523 8
1516823707.1885233 8
1516823707.1895244 9
1516823707.1905248 9
1516823707.1915255 10
1516823707.192525 10
1516823707.1955283 11
1516823707.1965437 11
1516823707.197544 12
1516823707.198531 13
1516823707.1995316 13
1516823707.2005327 14
1516823707.2015328 14
1516823707.2025335 15
1516823707.2035344 15
1516823707.2045348 16
1516823707.2055342 16
1516823707.2065346 17
1516823707.2075367 17
1516823707.2095382 17
1516823707.2105527 18
1516823707.21154 18
1516823707.2125394 19
1516823707.2135417 19
1516823707.2145572 19
1516823707.2155576 20
1516823707.2175446 20
1516823707.2185447 20
1516823707.2195442 20
1516823707.2205448 21
1516823707.2215466 21
1516823707.2235484 21
1516823707.2245498 21
1516823707.22555 21
1516823707.2265503 21
1516823707.2275522 21
1516823707.2285666 21
1516823707.2295525 21
1516823707.2305534 21
1516823707.2315543 21
1516823707.2325547 21
1516823707.2335553 21
1516823707.2345562 21
1516823707.235556 21
1516823707.2385616 21
1516823707.2395594 21
1516823707.2405753 20
1516823707.2415757 20
1516823707.242576 20
1516823707.2435634 19
1516823707.244563 19
1516823707.2455637 19
1516823707.2465646 18
1516823707.247566 18
1516823707.2485662 18
1516823707.2505674 17
1516823707.251567 17
1516823707.2525837 16
1516823707.2535841 16
1516823707.254585 15
1516823707.2555716 15
1516823707.2565866 14
1516823707.2575834 14
1516823707.2585733 13
1516823707.260574 13
1516823707.262576 12
1516823707.2635772 12
1516823707.2655923 11
1516823707.2665782 11
1516823707.2675793 10
1516823707.2685955 9
1516823707.2695956 9
1516823707.2705965 8
1516823707.2715821 8
1516823707.2725828 7
1516823707.2765877 7
1516823707.2805884 6
1516823707.2855947 6
1516823707.292596 5
1516823707.3016188 5
1516823707.3106108 4
1516823707.3216343 4
1516823707.3316271 3
1516823707.3416324 3
1516823707.3506408 3
1516823707.3606472 2
1516823707.3706686 2
1516823707.3806682 2
1516823707.3896835 1
1516823707.3996718 1
1516823707.4096966 1
1516823707.4206872 0
1516823707.4306939 0
1516823707.4397159 0
1516823707.4497077 0
1516823707.4597173 0
1516823707.4687223 0
1516823707.4797292 0
1516823707.4887364 0
1516823707.4987423 0
1516823707.5077498 0
1516823707.5187566 0
1516823707.5287638 0
1516823707.538771 0
1516823707.5477774 0
1516823707.5587964 0
1516823707.5688038 0
1516823707.577817 0
1516823707.5888064 0
1516823707.5998147 1
1516823707.6098213 1
1516823707.6188428 1
1516823707.629847 2
1516823707.638845 2
1516823707.6488588 2
1516823707.6578581 3
1516823707.6678627 3
1516823707.67687 3
1516823707.6868832 4
1516823707.6968968 4
1516823707.7069013 5
1516823707.7159307 5
1516823707.7259204 6
1516823707.736913 6
1516823707.7469356 7
1516823707.7569332 7
1516823707.7659352 8
1516823707.7749689 8
1516823707.784948 9
1516823707.7949576 9
1516823707.8039763 10
1516823707.8139772 11
1516823707.8239841 11
1516823707.8349864 12
1516823707.844988 12
1516823707.85901 13
1516823707.8710184 13
1516823707.8850176 14
1516823707.898044 14
1516823707.9110465 15
1516823707.9230614 15
1516823707.937057 16
1516823707.950065 16
1516823707.9630747 17
1516823707.9771051 17
1516823707.9941032 18
1516823708.0121076 18
1516823708.0291321 18
1516823708.046132 19
1516823708.0631514 19
1516823708.080156 19
1516823708.0961678 20
1516823708.1131928 20
1516823708.129197 20
1516823708.1462207 21
1516823708.16322 21
1516823708.1802266 21
1516823708.1962378 21
1516823708.2112842 21
1516823708.2282608 21
1516823708.244272 21
1516823708.260283 21
1516823708.2762992 21
1516823708.2933116 21
1516823708.3103333 21
1516823708.3273444 21
1516823708.344344 21
1516823708.3603573 21
1516823708.3763826 21
1516823708.3933785 21
1516823708.410391 21
1516823708.4274192 21
1516823708.445419 20
1516823708.4624374 20
1516823708.479449 20
1516823708.496459 19
1516823708.5144646 19
1516823708.5304766 19
1516823708.5474923 18
1516823708.5645137 18
1516823708.5795116 18
1516823708.5965428 17
1516823708.6125574 17
1516823708.6285448 16
1516823708.6435578 16
1516823708.660591 15
1516823708.6765788 15
1516823708.6926026 14
1516823708.708604 14
1516823708.7246144 13
1516823708.740646 13
1516823708.7576563 12
1516823708.7746665 12
1516823708.7926652 11
1516823708.808687 10
1516823708.825686 10
1516823708.842697 9
1516823708.8597157 9
1516823708.8767507 8
1516823708.892732 8
1516823708.9087439 7
1516823708.9237714 7
1516823708.9387808 6
1516823708.9547784 6
1516823708.969787 5
1516823708.9848 5
1516823708.9998071 4
1516823709.014819 4
1516823709.0298293 3
1516823709.0458415 3
1516823709.0618558 3
1516823709.077891 2
1516823709.0948768 2
1516823709.1108904 1
1516823709.1279004 1
1516823709.1439261 1
1516823709.1609268 1
1516823709.178936 0
1516823709.1949513 0
1516823709.2109585 0
1516823709.2269692 0
1516823709.2419813 0
1516823709.2589924 0
1516823709.275006 0
1516823709.291017 0
1516823709.3070395 0
1516823709.32404 0
1516823709.3400714 0
1516823709.3570921 0
1516823709.3740883 0
1516823709.3900962 0
1516823709.4060967 0
1516823709.4221077 0
1516823709.4381206 0
1516823709.4551353 1
1516823709.471143 1
1516823709.487154 1
1516823709.503167 1
1516823709.5201826 2
1516823709.5371938 2
1516823709.553203 2
1516823709.5692222 3
1516823709.5842326 3
1516823709.5992563 4
1516823709.615247 4
1516823709.6302588 4
1516823709.645269 5
1516823709.6602798 5
1516823709.6753087 6
1516823709.6903136 6
1516823709.7053113 7
1516823709.7203188 7
1516823709.736331 8
1516823709.7523422 9
1516823709.767368 9
1516823709.784369 10
1516823709.800397 10
1516823709.816388 11
1516823709.8324027 11
1516823709.849411 12
1516823709.8654225 12
1516823709.881455 13
1516823709.8984468 13
1516823709.915459 14
1516823709.9334755 14
1516823709.9494903 15
1516823709.9664958 15
1516823709.9835076 16
1516823709.9995186 16
1516823710.016531 17
1516823710.0335455 17
1516823710.0495808 18
1516823710.067567 18
1516823710.083579 19
1516823710.1005948 19
1516823710.117602 19
1516823710.1346166 20
1516823710.1506257 20
1516823710.168646 20
1516823710.1866786 20
1516823710.20269 21
1516823710.2206929 21
1516823710.237715 21
1516823710.2547064 21
1516823710.271716 21
1516823710.2887223 21
1516823710.3047373 21
1516823710.3207457 21
1516823710.3377564 0
1516823710.3527703 7
1516823710.3687787 15
1516823710.3838043 7
1516823710.3998013 19
1516823710.4158323 1
1516823710.4318235 15
1516823710.446858 11
1516823710.4638543 22
1516823710.4808812 17
1516823710.4968734 18
1516823710.5138829 11
1516823710.5298944 1
1516823710.5459056 0
1516823710.5629206 17
1516823710.5789669 1
1516823710.595941 3
1516823710.6119602 18
1516823710.627963 5
1516823710.6439748 20
1516823710.6599884 10
1516823710.6759992 0
1516823710.6930118 10
1516823710.7090235 14
1516823710.7250345 15
1516823710.7420456 22
1516823710.7570577 3
1516823710.7740679 13
1516823710.7900827 5
1516823710.8081036 14
1516823710.8251047 18
1516823710.8411183 2
1516823710.8581553 18
1516823710.87414 20
1516823710.8901508 11
1516823710.9061718 5
1516823710.921173 18
1516823710.936183 21
1516823710.952201 2
1516823710.9672055 0
1516823710.9822285 4
1516823711.000229 22
1516823711.0172408 20
1516823711.0332515 9
1516823711.0502684 9
1516823711.0662754 8
1516823711.0823166 15
1516823711.099301 14
1516823711.1163218 16
1516823711.1333282 11
1516823711.1503353 4
1516823711.1673467 10
1516823711.1843593 8
1516823711.2013972 2
1516823711.2183843 8
1516823711.2354033 8
1516823711.2534087 18
1516823711.2694185 17
1516823711.2844396 5
1516823711.300452 15
1516823711.317453 11
1516823711.332466 13
1516823711.3494966 7
1516823711.3654866 2
1516823711.381509 19
1516823711.396511 21
1516823711.4125235 3
1516823711.4285362 17
1516823711.4435554 7
1516823711.4585555 19
1516823711.4745643 14
1516823711.4895747 21
1516823711.504588 9
1516823711.519596 1
1516823711.5346217 2
1516823711.5506186 2
1516823711.5666292 20
1516823711.5816426 9
1516823711.5966508 11
1516823711.6126618 3
1516823711.6286838 7
1516823711.6436863 17
1516823711.6587088 18
1516823711.6757178 1
1516823711.6917284 16
1516823711.7067494 16
1516823711.7227407 10
1516823711.7387521 15
1516823711.7557647 7
1516823711.7717762 0
1516823711.787788 1
1516823711.8038478 14
1516823711.8208108 11
1516823711.8378248 1
1516823711.8548343 21
1516823711.8718474 3
1516823711.8888638 1
1516823711.907873 20
1516823711.9238882 11
1516823711.9399178 14
1516823711.9569073 7
1516823711.9739244 11
1516823711.990961 6
1516823712.0079603 22
1516823712.025962 20
1516823712.0419803 10
1516823712.0589793 11
1516823712.0759919 7
1516823712.0930183 11
1516823712.1110234 2
1516823712.127046 21
1516823712.1440535 22
1516823712.1600554 1
1516823712.177091 19
1516823712.1930778 10
1516823712.2100875 21
1516823712.2260976 14
1516823712.2431116 17
1516823712.259133 15
1516823712.2751324 17
1516823712.2911463 3
1516823712.3071592 18
1516823712.3231702 14
1516823712.3402007 21
1516823712.3562045 7
1516823712.372204 19
1516823712.3882344 19
1516823712.4052603 20
1516823712.4222598 22
1516823712.4372504 1
1516823712.454266 6
1516823712.471272 18
1516823712.4872828 11
1516823712.5022948 17
1516823712.5183072 14
1516823712.534316 8
1516823712.5503273 2
1516823712.5663538 16
1516823712.582352 12
1516823712.5993626 9
1516823712.6163745 20
1516823712.6313877 20
1516823712.647398 15
1516823712.6644087 4
1516823712.6794336 7
1516823712.6944444 3
1516823712.7094545 19
1516823712.7244647 16
1516823712.7394736 18
1516823712.7544851 3
1516823712.769521 4
1516823712.7844934 16
1516823712.7995405 10
1516823712.815515 0
1516823712.830544 10
1516823712.8465383 3
1516823712.86255 5
1516823712.8795624 0
1516823712.8965743 22
1516823712.9135861 4
1516823712.9296186 16
1516823713.0736985 11
1516823713.2158003 4
1516823713.3569024 0
1516823713.4990005 22
1516823713.6411018 3
1516823713.783204 4
1516823713.9263208 4
1516823714.0684116 5
1516823714.209543 8
1516823714.3516052 4
1516823714.4937074 16
1516823714.6368132 13
1516823714.7789097 5
1516823715.2412374 21
1516823715.7436178 3
1516823716.2489789 16
1516823716.7513094 0
1516823717.2536955 9
1516823717.7560225 12
1516823718.4875474 22
1516823719.3801756 10
1516823720.2728078 3
1516823721.1654644 14
1516823722.0580757 16
1516823722.9517126 16
1516823723.8443651 9
1516823724.7369764 6
1516823725.6296155 12
1516823726.522247 19
1516823727.4148788 10
1516823728.3075101 1
1516823729.199164 17
1516823730.0917745 0
1516823730.9844093 13
1516823731.8770454 10
1516823732.7696953 20
1516823733.6613135 17
1516823734.5539615 1
1516823735.447581 11
1516823736.340237 16
1516823737.2328699 12
